"","barcode","assigned_cluster"
"human1_lib1.final_cell_0001","GATGACGGAC-GGTGGGAT","acinar"
"human1_lib1.final_cell_0002","GAGCGTTGCT-ACCTTCTT","acinar"
"human1_lib1.final_cell_0003","CTTACGGG-CCATTACT","acinar"
"human1_lib1.final_cell_0004","GATGTACACG-TTAAACTG","acinar"
"human1_lib1.final_cell_0005","GAGATTGCGA-GTCGTCGT","acinar"
"human1_lib1.final_cell_0006","AATCCCACG-ATTCGACG","acinar"
"human1_lib1.final_cell_0007","AAAATCGTT-CTCCGCAT","beta"
"human1_lib1.final_cell_0008","GACTCTTGAC-AAACTGGT","acinar"
"human1_lib1.final_cell_0009","GAGAATTCGT-GTTTGTTT","acinar"
"human1_lib1.final_cell_0010","AGAAGTCC-CCGCTGTT","acinar"
"human1_lib1.final_cell_0011","TGACTGGTGCA-CGTAGAAG","acinar"
"human1_lib1.final_cell_0012","GATCTCACTT-TGTAGTTT","acinar"
"human1_lib1.final_cell_0013","AAAATCGTT-GGAAACAG","delta"
"human1_lib1.final_cell_0014","GATTGAGGGT-CTGGTGCA","delta"
"human1_lib1.final_cell_0015","AAAGTAATC-TCGGTTCG","beta"
"human1_lib1.final_cell_0016","AAATGAATG-ACGGTAGC","activated_stellate"
"human1_lib1.final_cell_0017","ATTGGATCG-AAAGTCGG","beta"
"human1_lib1.final_cell_0018","AGGGCCAAT-TGTACACG","acinar"
"human1_lib1.final_cell_0019","ACTACTTGT-GTTTACGT","ductal"
"human1_lib1.final_cell_0020","AAATCGGGT-GAGAGTAT","beta"
"human1_lib1.final_cell_0021","TTGCATAT-CCTGTTAT","beta"
"human1_lib1.final_cell_0022","AAAAGTCGG-GGCGTTAG","alpha"
"human1_lib1.final_cell_0023","AGTGTCGGA-AGCTACGG","ductal"
"human1_lib1.final_cell_0024","ACACTCCTC-ATATACCT","beta"
"human1_lib1.final_cell_0025","CGCTAATA-AATGTTTG","delta"
"human1_lib1.final_cell_0026","TGACTTCTGGA-GGGTTGGT","alpha"
"human1_lib1.final_cell_0027","AGTGTCGGA-TGTAGTTT","beta"
"human1_lib1.final_cell_0028","AGTTTACGT-GGGAAGGT","acinar"
"human1_lib1.final_cell_0029","TAAATAGG-AGAGGTGG","acinar"
"human1_lib1.final_cell_0030","TAACTACT-AGCGTAGG","beta"
"human1_lib1.final_cell_0031","GATGACCCTC-CTTCTGGA","delta"
"human1_lib1.final_cell_0032","AATATCTTC-ATGTTGGC","delta"
"human1_lib1.final_cell_0033","TGACTCGATGC-GGGAAGGT","delta"
"human1_lib1.final_cell_0034","GACACGGACT-CTGAGTGC","delta"
"human1_lib1.final_cell_0035","TGATTCGCTGG-GGGAGGTA","beta"
"human1_lib1.final_cell_0036","AAAGTAATC-ACCTTGCC","acinar"
"human1_lib1.final_cell_0037","AACTGAGTT-CGGGCTTT","beta"
"human1_lib1.final_cell_0038","GACACGGACT-CCAACCGT","beta"
"human1_lib1.final_cell_0039","ATAGTGGAC-GTACACTC","beta"
"human1_lib1.final_cell_0040","GAGCGGTA-CCCTAACC","delta"
"human1_lib1.final_cell_0041","GTAACGTT-ATGACTTT","activated_stellate"
"human1_lib1.final_cell_0042","ATTTGGGAG-CGTCAGCA","beta"
"human1_lib1.final_cell_0043","AAAACTCGA-TGCTATTT","delta"
"human1_lib1.final_cell_0044","GACTTCTTCG-TGGTTTCT","activated_stellate"
"human1_lib1.final_cell_0045","AATGGATTA-CAAGTCAT","activated_stellate"
"human1_lib1.final_cell_0046","AAATGAATG-AGGCAGTT","activated_stellate"
"human1_lib1.final_cell_0047","TGAAAACTGGT-AATGAATG","acinar"
"human1_lib1.final_cell_0048","GAAAGATTGT-CCAACCGT","activated_stellate"
"human1_lib1.final_cell_0049","GATTAAACTG-TGTGCTCA","delta"
"human1_lib1.final_cell_0050","AGGTTAGTG-AGAGGTGG","beta"
"human1_lib1.final_cell_0051","AATGCGGAT-TGCCTCAC","delta"
"human1_lib1.final_cell_0052","TGAAAATGTCG-ACATCTAT","beta"
"human1_lib1.final_cell_0053","TGAGTAATCCC-GCTCTAGT","acinar"
"human1_lib1.final_cell_0054","AGGGAAGGT-AACAATCC","beta"
"human1_lib1.final_cell_0055","TGATGTCTTTC-TGGCTACC","beta"
"human1_lib1.final_cell_0056","ACCCTTGGT-ATGGATTA","activated_stellate"
"human1_lib1.final_cell_0057","TTCGGCCT-GTTCTGTT","beta"
"human1_lib1.final_cell_0058","AACTGAGTT-AGGCAGTT","beta"
"human1_lib1.final_cell_0059","AAATGAATG-AATGTTTG","beta"
"human1_lib1.final_cell_0060","CATCGCAG-AGAACGGG","beta"
"human1_lib1.final_cell_0061","ATTTATCAC-GGGAACGA","ductal"
"human1_lib1.final_cell_0062","CTTACGGG-GCTTTCCA","alpha"
"human1_lib1.final_cell_0063","GAAGTTTAGA-GTTGTCAT","beta"
"human1_lib1.final_cell_0064","TGATTCGCTGG-CTTCAGGT","ductal"
"human1_lib1.final_cell_0065","ACGTATAC-AACTTAGC","ductal"
"human1_lib1.final_cell_0066","ACCCTTGGT-GGGAAGGT","acinar"
"human1_lib1.final_cell_0067","TGAAAACAGGG-ATATGCAT","alpha"
"human1_lib1.final_cell_0068","AAGCTATGA-AGTGAAAG","beta"
"human1_lib1.final_cell_0069","AGAGGTGG-CGGCTTAC","delta"
"human1_lib1.final_cell_0070","ATTTCCGG-GTTGCACG","alpha"
"human1_lib1.final_cell_0071","TTGGACTT-GCGTTGCT","beta"
"human1_lib1.final_cell_0072","GAGTTGTCAT-AGGTTGTG","beta"
"human1_lib1.final_cell_0073","TTGGACTT-GGTTAGTG","beta"
"human1_lib1.final_cell_0074","GATGTGCTCA-ACAGCGGA","delta"
"human1_lib1.final_cell_0075","TTTGTGTC-GAAAGACC","beta"
"human1_lib1.final_cell_0076","ACGGAATTT-AAACGCCT","beta"
"human1_lib1.final_cell_0077","TGAGGGAAATC-ATCAGCGC","delta"
"human1_lib1.final_cell_0078","AGGGAAGGT-TTTACCCT","beta"
"human1_lib1.final_cell_0079","ATTAGGACC-ATATACCT","beta"
"human1_lib1.final_cell_0080","TGAAGCGTAGG-GTCCGTAC","beta"
"human1_lib1.final_cell_0081","AATACTCTT-GTTCAACT","beta"
"human1_lib1.final_cell_0082","ATCTAGCAG-ACGCTCAG","beta"
"human1_lib1.final_cell_0083","TGATTAGTCCG-AAGATTGT","beta"
"human1_lib1.final_cell_0084","ACGGAATTT-CAGTTTGC","acinar"
"human1_lib1.final_cell_0085","ATTGTGACT-GAGTTCAC","activated_stellate"
"human1_lib1.final_cell_0086","TGAATGCATGG-GGGAACCT","delta"
"human1_lib1.final_cell_0087","GTGTAACC-AATCGGGT","delta"
"human1_lib1.final_cell_0088","ACTAGATTG-TCCCAATC","beta"
"human1_lib1.final_cell_0089","TGACAAGTCAT-GATTAGAC","beta"
"human1_lib1.final_cell_0090","AAAAGCCTA-TTCCAGAC","beta"
"human1_lib1.final_cell_0091","CTTTAATC-AGAAGTCC","beta"
"human1_lib1.final_cell_0092","TGACTGGTGCA-GATCTCGG","beta"
"human1_lib1.final_cell_0093","TACTTGTG-AGACACCA","beta"
"human1_lib1.final_cell_0094","ATTTCCGG-CTACGAGC","beta"
"human1_lib1.final_cell_0095","CATCGCAG-CGTATTTC","beta"
"human1_lib1.final_cell_0096","TGAGCAGGGTA-AGAGGTGG","beta"
"human1_lib1.final_cell_0097","GAGAGAATTG-ATTCAGTA","beta"
"human1_lib1.final_cell_0098","TGATCCCGTAG-CTGAGTGC","delta"
"human1_lib1.final_cell_0099","ACTGCGTTG-CGGCTTAC","delta"
"human1_lib1.final_cell_0100","AACTGAGTT-TTGTTTAC","beta"
"human1_lib1.final_cell_0101","TAGCTTAT-CATACATT","delta"
"human1_lib1.final_cell_0102","AATTCAGTA-GATCTCGG","alpha"
"human1_lib1.final_cell_0103","TAAATAGG-CGCTAATA","alpha"
"human1_lib1.final_cell_0104","AGGTGACAC-ATTCAGTA","delta"
"human1_lib1.final_cell_0105","TGAGCAAGGAC-TGGGATTC","beta"
"human1_lib1.final_cell_0106","TGATCGACGGT-ATGAAGCA","beta"
"human1_lib1.final_cell_0107","TACCGGCA-AGAAGTCC","beta"
"human1_lib1.final_cell_0108","TTGCATAT-CGATTGAT","beta"
"human1_lib1.final_cell_0109","AATGTTGGC-GTGGATGG","acinar"
"human1_lib1.final_cell_0110","GAGATCTCGG-CCCGAATG","delta"
"human1_lib1.final_cell_0111","TGAGTAATCCC-GGATAAAG","beta"
"human1_lib1.final_cell_0112","GACACGGACT-TCCGTCCA","beta"
"human1_lib1.final_cell_0113","GTCTCTCT-ACCACGCT","delta"
"human1_lib1.final_cell_0114","ATCTAGCAG-CCTGACAC","beta"
"human1_lib1.final_cell_0115","TGAGCCGGATT-AATGACCC","beta"
"human1_lib1.final_cell_0116","ATAGTGGAC-ACCCACGA","beta"
"human1_lib1.final_cell_0117","TCCAGGGA-CTCCGCAT","delta"
"human1_lib1.final_cell_0118","TGACCATTACT-GGTGGGAT","beta"
"human1_lib1.final_cell_0119","AAAATCGTT-TCTCACTT","delta"
"human1_lib1.final_cell_0120","AGAGGTGG-CTCGCGTA","beta"
"human1_lib1.final_cell_0121","CTTTAATC-ATGAAGCA","beta"
"human1_lib1.final_cell_0122","TGATCCCGTAG-AGACACCA","beta"
"human1_lib1.final_cell_0123","TGAAGCGTAGG-TTCACATA","epsilon"
"human1_lib1.final_cell_0124","AGTCAATAC-TTCGCTGG","beta"
"human1_lib1.final_cell_0125","GAAAGATTGT-AAACTGGT","beta"
"human1_lib1.final_cell_0126","GAAGGAAGAC-TCGGTTTA","beta"
"human1_lib1.final_cell_0127","GATCCGTCCA-TGCTCCGT","delta"
"human1_lib1.final_cell_0128","GACCTATTCA-TCGGTTTA","beta"
"human1_lib1.final_cell_0129","TGATGATAACA-AGCAGAAC","delta"
"human1_lib1.final_cell_0130","ACTGAGTGC-TGCAAGGG","beta"
"human1_lib1.final_cell_0131","AAATCGGGT-ATTCCTTG","alpha"
"human1_lib1.final_cell_0132","ACTAGATTG-GAATACGC","alpha"
"human1_lib1.final_cell_0133","TGAATGCATGG-GCCTCTTT","beta"
"human1_lib1.final_cell_0134","AATTCAGTA-CCCGACTT","acinar"
"human1_lib1.final_cell_0135","GAGCGTTGCT-AACACACG","alpha"
"human1_lib1.final_cell_0136","AGGCCTAAG-CCTCGTCT","beta"
"human1_lib1.final_cell_0137","AAAACCTCC-AAAGTCGG","beta"
"human1_lib1.final_cell_0138","ATCCGCTA-GTTCAACT","alpha"
"human1_lib1.final_cell_0139","GATCCGTCCA-GGCTACTA","beta"
"human1_lib1.final_cell_0140","TGACACAGTTT-AGCGCGAT","delta"
"human1_lib1.final_cell_0141","GGGTTGGT-TCGGTACG","beta"
"human1_lib1.final_cell_0142","TGATCCCGTAG-AGAAGTTA","beta"
"human1_lib1.final_cell_0143","TCATATGG-CGGGTAGT","beta"
"human1_lib1.final_cell_0144","ATATGCAT-GGTGGGAT","beta"
"human1_lib1.final_cell_0145","TGATGTGGCTA-CCGCAACT","beta"
"human1_lib1.final_cell_0146","TGAAAATGTCG-TGCCATCG","delta"
"human1_lib1.final_cell_0147","GAGGCGTTAG-AATGACCC","beta"
"human1_lib1.final_cell_0148","GAAAGATTGT-TTCGGCCT","ductal"
"human1_lib1.final_cell_0149","ATAGTCGCA-GAAGGCTT","ductal"
"human1_lib1.final_cell_0150","AAAACTCGA-ACGTATAC","beta"
"human1_lib1.final_cell_0151","TGCCTCAC-CCCAAGCA","beta"
"human1_lib1.final_cell_0152","TGACTGTTCTT-CAATTAGT","beta"
"human1_lib1.final_cell_0153","AGGGAAGGT-TGGGATTC","beta"
"human1_lib1.final_cell_0154","ATATGCAT-AAAGCCTA","delta"
"human1_lib1.final_cell_0155","GAAGTTTAGA-CCACATTA","beta"
"human1_lib1.final_cell_0156","TGAGTACACTC-TGACCAGT","activated_stellate"
"human1_lib1.final_cell_0157","AATTCAGTA-GAGTTTCG","beta"
"human1_lib1.final_cell_0158","TGAGCAGGGTA-GTATGAGT","beta"
"human1_lib1.final_cell_0159","TAGCCTCG-TCCAGTCC","alpha"
"human1_lib1.final_cell_0160","GAAGTGATGC-GGGAACGA","beta"
"human1_lib1.final_cell_0161","AGAGACTA-GTCCATGT","alpha"
"human1_lib1.final_cell_0162","AACCTGAC-CCCTAACC","beta"
"human1_lib1.final_cell_0163","AAAACTCGA-GGTTAGTG","gamma"
"human1_lib1.final_cell_0164","AGAAGTCC-GAGCGGTA","beta"
"human1_lib1.final_cell_0165","ACGGACAAC-GTTGTCAT","beta"
"human1_lib1.final_cell_0166","TAGCCTCG-GTAATCCC","beta"
"human1_lib1.final_cell_0167","TGAGCCGGATT-GGCTACTA","beta"
"human1_lib1.final_cell_0168","TGATAGAAATG-AGAAGTTA","beta"
"human1_lib1.final_cell_0169","AATGGATTA-CGGACAAC","beta"
"human1_lib1.final_cell_0170","CGACGTCA-ATGACTTT","beta"
"human1_lib1.final_cell_0171","TGAAACAATCC-CGCCTTGA","acinar"
"human1_lib1.final_cell_0172","AACTGAGTT-GCCTCTTT","beta"
"human1_lib1.final_cell_0173","TACCGGCA-AATCGGGT","acinar"
"human1_lib1.final_cell_0174","TGGTATGA-TGACGGAC","beta"
"human1_lib1.final_cell_0175","GATCTCACTT-ATTCGACG","beta"
"human1_lib1.final_cell_0176","CGGCTTAC-ATATCTTC","beta"
"human1_lib1.final_cell_0177","TGAAAATGTCG-ATCAAGTG","acinar"
"human1_lib1.final_cell_0178","GACAATTAGT-AGCACCAC","delta"
"human1_lib1.final_cell_0179","TGCTATTT-CCCTTGGT","beta"
"human1_lib1.final_cell_0180","TGACACAAGGC-ATCCGCTA","delta"
"human1_lib1.final_cell_0181","TGATGCCC-GCCAAGAT","beta"
"human1_lib1.final_cell_0182","TTGCATAT-GGGAGGTA","acinar"
"human1_lib1.final_cell_0183","CTTTAATC-GAGAGTAT","alpha"
"human1_lib1.final_cell_0184","TGATCGACACC-AGCGCCTT","beta"
"human1_lib1.final_cell_0185","AATGTTGGC-CGACTCCT","alpha"
"human1_lib1.final_cell_0186","GATACCAGGC-GCATGGGT","beta"
"human1_lib1.final_cell_0187","GATGTGCTCA-GGACTTCC","alpha"
"human1_lib1.final_cell_0188","TGACCTCGTCT-GCATGGGT","endothelial"
"human1_lib1.final_cell_0189","AACTCACCG-CAATACTT","beta"
"human1_lib1.final_cell_0190","AGGGTGTAT-TGCGACAG","beta"
"human1_lib1.final_cell_0191","ACCGCAACT-CTGTTCTT","alpha"
"human1_lib1.final_cell_0192","ACCCTTGGT-CGACGTCA","delta"
"human1_lib1.final_cell_0193","TGGTATGA-CTGCGTTG","beta"
"human1_lib1.final_cell_0194","GAATTCCTTG-CAGTCCCT","beta"
"human1_lib1.final_cell_0195","TGACCAGCAGT-GATTAGAC","delta"
"human1_lib1.final_cell_0196","GATAGTGTTT-TCTCAACC","beta"
"human1_lib1.final_cell_0197","AAATCGGGT-AGGATTCA","gamma"
"human1_lib1.final_cell_0198","TGACACAACAG-GTCATATT","alpha"
"human1_lib1.final_cell_0199","GATGGTTTCT-GCCAAGAT","beta"
"human1_lib1.final_cell_0200","TGAGCAAGGAC-CGTAGAAG","beta"
"human1_lib1.final_cell_0201","AACCCATAT-GGGAAGGT","delta"
"human1_lib1.final_cell_0202","TGATGTCTTTC-ATGGGCAC","alpha"
"human1_lib1.final_cell_0203","GTTGCACG-AGCGAAGT","ductal"
"human1_lib1.final_cell_0204","AACCCATAT-TTCACATA","beta"
"human1_lib1.final_cell_0205","ATCACGTTT-AATGACCC","alpha"
"human1_lib1.final_cell_0206","AGCTTTCCA-ATCCCACG","beta"
"human1_lib1.final_cell_0207","ATCGGTTCG-TGGTTTCT","ductal"
"human1_lib1.final_cell_0208","GATTAAACTG-AGCGTAGG","alpha"
"human1_lib1.final_cell_0209","GAGGGAGGTA-ATATACCT","ductal"
"human1_lib1.final_cell_0210","GACCACATTA-CCTGTTAT","beta"
"human1_lib1.final_cell_0211","AAAAGTCGG-CTTCGATT","beta"
"human1_lib1.final_cell_0212","AGGTGACAC-GACGATGG","alpha"
"human1_lib1.final_cell_0213","AAAACCTCC-CGACGTCA","beta"
"human1_lib1.final_cell_0214","GAGAAAGACC-CGGCACAT","beta"
"human1_lib1.final_cell_0215","GACGATTGAT-TCCCTGAT","quiescent_stellate"
"human1_lib1.final_cell_0216","TCCTTATT-ACTGCCGT","ductal"
"human1_lib1.final_cell_0217","TGATAGAAATG-ACGCAGAG","ductal"
"human1_lib1.final_cell_0218","TGAAGGTTGTG-AATGTTTG","endothelial"
"human1_lib1.final_cell_0219","AAGATGGCT-GCAACCTG","activated_stellate"
"human1_lib1.final_cell_0220","GTTCAACT-GGGAAGGT","beta"
"human1_lib1.final_cell_0221","GGAAACAG-ACGAAACG","delta"
"human1_lib1.final_cell_0222","TGGTATGA-GGTCTGAC","gamma"
"human1_lib1.final_cell_0223","TGAAACCCTTG-GGGAACCT","beta"
"human1_lib1.final_cell_0224","CGTATTTC-AAACGCCT","beta"
"human1_lib1.final_cell_0225","TGACTACCGTT-TTGCATAT","beta"
"human1_lib1.final_cell_0226","GAGAAGGCTT-AAGCGTAC","alpha"
"human1_lib1.final_cell_0227","CCCAAGCA-ATCAAGTG","beta"
"human1_lib1.final_cell_0228","TGAAAATGTCG-ATTCCTTG","beta"
"human1_lib1.final_cell_0229","ATTAGGACC-GTCTCTCT","delta"
"human1_lib1.final_cell_0230","GATGTTCCAG-AAGGTAAT","ductal"
"human1_lib1.final_cell_0231","CGACGTCA-ACGCCATT","beta"
"human1_lib1.final_cell_0232","CTTACGGG-CCTATTCA","delta"
"human1_lib1.final_cell_0233","GACGACTCCT-TGCAAGGG","delta"
"human1_lib1.final_cell_0234","ATGTGTCCT-TGCTATTT","beta"
"human1_lib1.final_cell_0235","TGACCTGTTAT-AGAGGTGG","delta"
"human1_lib1.final_cell_0236","AACTCACCG-TACCGGCA","beta"
"human1_lib1.final_cell_0237","TGACATACATT-TTATAGCC","activated_stellate"
"human1_lib1.final_cell_0238","TCGAAGCT-CTTGGTGT","beta"
"human1_lib1.final_cell_0239","TGACACAAGGC-TCCGTCCA","beta"
"human1_lib1.final_cell_0240","TGAGGCTACTA-ATATAGGA","delta"
"human1_lib1.final_cell_0241","GACTTACTCC-GGTTAGTG","beta"
"human1_lib1.final_cell_0242","GATTTAACAG-ACGCCATT","quiescent_stellate"
"human1_lib1.final_cell_0243","GACGGGCTTT-CCAGCAGT","beta"
"human1_lib1.final_cell_0244","GATTAAACTG-GCACCTCT","acinar"
"human1_lib1.final_cell_0245","AGTGTCGGA-TTCGGCCT","alpha"
"human1_lib1.final_cell_0246","GATACAAACT-GCAACCTG","delta"
"human1_lib1.final_cell_0247","TGACAGACCAT-AGGTTGTG","beta"
"human1_lib1.final_cell_0248","TGAATATAGGA-AGACACCA","alpha"
"human1_lib1.final_cell_0249","AGGCCTAAG-AAGGTAAT","beta"
"human1_lib1.final_cell_0250","CTTCAGGT-TCACCGAG","endothelial"
"human1_lib1.final_cell_0251","GAGGGAGGTA-TCGACGGT","delta"
"human1_lib1.final_cell_0252","GACTGTCTGG-ACGGTAGC","delta"
"human1_lib1.final_cell_0253","TGACAGACCAT-AGCTATGA","beta"
"human1_lib1.final_cell_0254","GACGAATAAT-TTCCGAGT","beta"
"human1_lib1.final_cell_0255","AGCCAAGAT-TCTGCATC","delta"
"human1_lib1.final_cell_0256","TGATATTGCCT-ATGCGGAT","gamma"
"human1_lib1.final_cell_0257","GATAAGACGG-ACTAGGAT","alpha"
"human1_lib1.final_cell_0258","ATTCCAGAC-GTCAATAC","beta"
"human1_lib1.final_cell_0259","ACACTCCTC-TCGACACC","beta"
"human1_lib1.final_cell_0260","TGACGGGTAGT-GAATTCGT","beta"
"human1_lib1.final_cell_0261","TGAGTACACTC-TGAAATGA","ductal"
"human1_lib1.final_cell_0262","AGAGGTGG-GCAACCTG","delta"
"human1_lib1.final_cell_0263","GTTACGAT-GAATTCGT","alpha"
"human1_lib1.final_cell_0264","TGACGGGTAGT-ATATCTTC","beta"
"human1_lib1.final_cell_0265","ATCATGAGG-ATATGCAT","gamma"
"human1_lib1.final_cell_0266","TGCGACAG-ATGGATTA","beta"
"human1_lib1.final_cell_0267","GAGTTGTCAT-TCGAAGCT","beta"
"human1_lib1.final_cell_0268","GAAGTTTAGA-GTAATCCC","beta"
"human1_lib1.final_cell_0269","GAGCGTTGCT-ATGGATTA","quiescent_stellate"
"human1_lib1.final_cell_0270","ACAGATTAC-GTCATATT","alpha"
"human1_lib1.final_cell_0271","AGCCTCTTT-CACGGACT","delta"
"human1_lib1.final_cell_0272","TGATCGACACC-AGACACCA","alpha"
"human1_lib1.final_cell_0273","ACTGAGTGC-TTGTCGCC","endothelial"
"human1_lib1.final_cell_0274","GATGAGGTCT-TCGACGGT","alpha"
"human1_lib1.final_cell_0275","AAATGAATG-GTCCAAAG","delta"
"human1_lib1.final_cell_0276","GAAGTGATGC-GATCTCGG","beta"
"human1_lib1.final_cell_0277","GAACACTAAG-CCCTAACC","gamma"
"human1_lib1.final_cell_0278","TGATTCACATA-CTCGATGC","ductal"
"human1_lib1.final_cell_0279","AATGTTTG-GTCGTCGT","alpha"
"human1_lib1.final_cell_0280","TGCCTCAC-ATGGGCAC","alpha"
"human1_lib1.final_cell_0281","GAGGGAACCT-GCACCTCT","delta"
"human1_lib1.final_cell_0282","TGAGGAATAGA-ATTCGACG","beta"
"human1_lib1.final_cell_0283","TGATTCACATA-AAATGTCG","beta"
"human1_lib1.final_cell_0284","AGGTTAGTG-CAGTTTGC","ductal"
"human1_lib1.final_cell_0285","CGCTAATA-ATGACCGA","alpha"
"human1_lib1.final_cell_0286","TGAAGGTTGTG-CGCTAATA","beta"
"human1_lib1.final_cell_0287","TGACCTCGTCT-GCTTTCCA","delta"
"human1_lib1.final_cell_0288","TGCCTCAC-TGGGATTC","macrophage"
"human1_lib1.final_cell_0289","AGAGACTA-GATTGCGA","endothelial"
"human1_lib1.final_cell_0290","GAGGGAGGTA-GAAGGCTT","beta"
"human1_lib1.final_cell_0291","GAGAGAGTAT-CCTATTCA","beta"
"human1_lib1.final_cell_0292","TGCAAGGG-GAAGGCTT","beta"
"human1_lib1.final_cell_0293","GAACCACGCT-TTAGGACC","beta"
"human1_lib1.final_cell_0294","GATCCCAATC-GTCAATAC","beta"
"human1_lib1.final_cell_0295","GATAGTGTTT-GAAGCACT","beta"
"human1_lib1.final_cell_0296","TGATAACCCGT-TCACCGAG","beta"
"human1_lib1.final_cell_0297","AAGACACCA-CTTCTTCG","beta"
"human1_lib1.final_cell_0298","AGGTCACAG-TCTCACTT","beta"
"human1_lib1.final_cell_0299","TGACACTTTCT-TGCGACAG","beta"
"human1_lib1.final_cell_0300","CTTCAGGT-GAAGGCTT","beta"
"human1_lib1.final_cell_0301","TGACGTATCGG-TTGGATCG","gamma"
"human1_lib1.final_cell_0302","AAAATCGTT-CCATTTGA","endothelial"
"human1_lib1.final_cell_0303","GACACGGACT-AAAGCCTA","beta"
"human1_lib1.final_cell_0304","AGCTTTCCA-AGTGATGC","beta"
"human1_lib1.final_cell_0305","GACTGTCTGG-CGGCACAT","beta"
"human1_lib1.final_cell_0306","GATGTGCTCA-CGCCTTGA","delta"
"human1_lib1.final_cell_0307","ATCCGCTA-CTCGCGTA","beta"
"human1_lib1.final_cell_0308","TAAATAGG-GCTTTCCA","gamma"
"human1_lib1.final_cell_0309","ATTAGGACC-GGCCTAAG","epsilon"
"human1_lib1.final_cell_0310","GAGGCGTTAG-ACTGAGTT","delta"
"human1_lib1.final_cell_0311","ACCTTCTT-ATGACCGA","beta"
"human1_lib1.final_cell_0312","AGCCAAGAT-ACTAGGAT","beta"
"human1_lib1.final_cell_0313","GACACGGACT-CTACGAGC","gamma"
"human1_lib1.final_cell_0314","ACCTTGCC-TGTGTCCT","beta"
"human1_lib1.final_cell_0315","ACGTGGATA-TGTGTCCT","beta"
"human1_lib1.final_cell_0316","AATGTTTG-CCCATAGC","beta"
"human1_lib1.final_cell_0317","GATCTCACTT-ATGACCGA","beta"
"human1_lib1.final_cell_0318","ATGTGTCCT-GAGCCCAT","beta"
"human1_lib1.final_cell_0319","TAGCTTAT-TCGACGGT","endothelial"
"human1_lib1.final_cell_0320","ACCCTTGGT-TGACCCTC","beta"
"human1_lib1.final_cell_0321","TGACACAGTTT-CGGCACAT","delta"
"human1_lib1.final_cell_0322","AGCAAAGCC-TTTATCAC","alpha"
"human1_lib1.final_cell_0323","GATGACGGAC-GGTGACAC","epsilon"
"human1_lib1.final_cell_0324","GAATGGGCAC-TGACCCTC","alpha"
"human1_lib1.final_cell_0325","TGACTTCTGGA-CGAGATGT","quiescent_stellate"
"human1_lib1.final_cell_0326","ACGGACAAC-CTTCTTCG","alpha"
"human1_lib1.final_cell_0327","TGATCCCTGAT-CCTATTCA","alpha"
"human1_lib1.final_cell_0328","GACCCATAGC-ACTAGGAT","beta"
"human1_lib1.final_cell_0329","GACAAGAGGG-CTACTTGT","beta"
"human1_lib1.final_cell_0330","TGAAGAAGTTA-GTACACTC","ductal"
"human1_lib1.final_cell_0331","ATTCCAGAC-GTCTCTCT","beta"
"human1_lib1.final_cell_0332","TGAGCCACATC-GAATTCGT","alpha"
"human1_lib1.final_cell_0333","TGAAGCGTAGG-TCTCAACC","beta"
"human1_lib1.final_cell_0334","GATGTAAAGG-TCGACGGT","alpha"
"human1_lib1.final_cell_0335","TGCCTCAC-AGACACCA","beta"
"human1_lib1.final_cell_0336","ACCCTAACC-GGTGGGAT","beta"
"human1_lib1.final_cell_0337","AACCTGAC-TTGATTCT","delta"
"human1_lib1.final_cell_0338","GACGTACCTA-TGCAAGGG","delta"
"human1_lib1.final_cell_0339","GAGAATTCGT-CACGGACT","beta"
"human1_lib1.final_cell_0340","TTTGTGTC-ACGCTCAG","beta"
"human1_lib1.final_cell_0341","GAGCGGTA-TGGCTACC","beta"
"human1_lib1.final_cell_0342","TGATCGACGGT-AGGAGCTT","ductal"
"human1_lib1.final_cell_0343","GATAACCATC-ATTCAGTA","acinar"
"human1_lib1.final_cell_0344","TGAGTACACTC-GCAGTCGA","beta"
"human1_lib1.final_cell_0345","GACCTATTCA-CTACCGTT","alpha"
"human1_lib1.final_cell_0346","AGCCTCTTT-ACTCACCG","beta"
"human1_lib1.final_cell_0347","TGACTACCGTT-CACTTTCT","beta"
"human1_lib1.final_cell_0348","TGATCCAGTCC-AGTGAAAG","alpha"
"human1_lib1.final_cell_0349","AAATGAATG-TGTGCTCA","beta"
"human1_lib1.final_cell_0350","GAGACAGATA-AACACACG","quiescent_stellate"
"human1_lib1.final_cell_0351","TGATTGTTTAC-TCATGAGG","beta"
"human1_lib1.final_cell_0352","TGATTCACATA-GTTTGTTT","gamma"
"human1_lib1.final_cell_0353","GAATCAAGTG-TCGACACC","beta"
"human1_lib1.final_cell_0354","GACGTCAGCA-GCTTTCCA","gamma"
"human1_lib1.final_cell_0355","ACTAGATTG-AGCTACGG","endothelial"
"human1_lib1.final_cell_0356","GAGGACTTCC-CCGTGTTT","beta"
"human1_lib1.final_cell_0357","TGACCAGCAGT-TTCGCTGG","alpha"
"human1_lib1.final_cell_0358","AAGCTACGG-GTTAACCA","schwann"
"human1_lib1.final_cell_0359","TGACAACAAAT-ACCCACGA","beta"
"human1_lib1.final_cell_0360","TGAATATAGGA-AAAGCCTA","quiescent_stellate"
"human1_lib1.final_cell_0361","ATTTCCGG-GACAAAGG","endothelial"
"human1_lib1.final_cell_0362","ACTGCGTTG-TCGGTTCG","gamma"
"human1_lib1.final_cell_0363","TGAGTAATCCC-GTCAATAC","beta"
"human1_lib1.final_cell_0364","AACTTAGC-GACAACTT","beta"
"human1_lib1.final_cell_0365","TGATTAGTCCG-ACCCACGA","alpha"
"human1_lib1.final_cell_0366","GAACACTAAG-TTGATTCT","alpha"
"human1_lib1.final_cell_0367","TGATCGACACC-CCGTGTTT","gamma"
"human1_lib1.final_cell_0368","TGAGAAGCACT-CGGGCTTT","beta"
"human1_lib1.final_cell_0369","GAAGTTTAGA-TTAAACTG","beta"
"human1_lib1.final_cell_0370","GTTCAACT-ACTCACCG","delta"
"human1_lib1.final_cell_0371","ACCCGACTT-ACCCACGA","acinar"
"human1_lib1.final_cell_0372","GAAGTGATGC-GCCAAGAT","acinar"
"human1_lib1.final_cell_0373","AACCCATAT-ATATGCAT","gamma"
"human1_lib1.final_cell_0374","ATTGTGACT-CAAGAGGG","ductal"
"human1_lib1.final_cell_0375","TTCCGCTC-AGCGCCTT","ductal"
"human1_lib1.final_cell_0376","AGGGCCAAT-TGGTATGA","endothelial"
"human1_lib1.final_cell_0377","ATCACGTTT-CGTACCTA","delta"
"human1_lib1.final_cell_0378","GCAGCATG-TGTAGTTT","beta"
"human1_lib1.final_cell_0379","AGCACCAC-AAGATTGT","beta"
"human1_lib1.final_cell_0380","ACGGACAAC-TCATCCTT","endothelial"
"human1_lib1.final_cell_0381","AACTTAGC-TTTACCCT","alpha"
"human1_lib1.final_cell_0382","AACTTAGC-GTTACCGC","acinar"
"human1_lib1.final_cell_0383","AGTGTCGGA-AATGACCC","endothelial"
"human1_lib1.final_cell_0384","TGAATATAGGA-AGCGAAGT","endothelial"
"human1_lib1.final_cell_0385","GAACGCCATT-AGAAGTCC","alpha"
"human1_lib1.final_cell_0386","TGACACAAGGC-TTAGGACC","beta"
"human1_lib1.final_cell_0387","TGACGAGTCTG-AACACACG","beta"
"human1_lib1.final_cell_0388","GATACAAACT-GGAGAAGC","gamma"
"human1_lib1.final_cell_0389","TGATTCGCTGG-CTTAGGTA","beta"
"human1_lib1.final_cell_0390","TGATGATAACA-CGCCTTGA","alpha"
"human1_lib1.final_cell_0391","GGCCCTTA-ACGCAGAG","beta"
"human1_lib1.final_cell_0392","GACGAATAAT-CTTCTTCG","beta"
"human1_lib1.final_cell_0393","GTCTCTCT-CGCTAATA","beta"
"human1_lib1.final_cell_0394","GATTAAACTG-CGCTAGTC","beta"
"human1_lib1.final_cell_0395","GATTCCGAGT-AGACACCA","beta"
"human1_lib1.final_cell_0396","TGAGGGAAATC-TTGTTTAC","delta"
"human1_lib1.final_cell_0397","ACGTATAC-CCAGCAGT","beta"
"human1_lib1.final_cell_0398","ATCACGTTT-GAGCGGTA","quiescent_stellate"
"human1_lib1.final_cell_0399","GACTCTTGAC-TAGTGGAC","activated_stellate"
"human1_lib1.final_cell_0400","ACTCCGCAT-AGGATTCA","beta"
"human1_lib1.final_cell_0401","TGATCCAGTCC-CAACAAAT","alpha"
"human1_lib1.final_cell_0402","GACCTGACAC-CTTACGGG","beta"
"human1_lib1.final_cell_0403","TGACGTATCGG-AAACGCCT","gamma"
"human1_lib1.final_cell_0404","AAGACACCA-GGTCCCTT","quiescent_stellate"
"human1_lib1.final_cell_0405","GATCTCACTT-CCAGCAGT","beta"
"human1_lib1.final_cell_0406","GATCTGTGGT-CCTGACAC","alpha"
"human1_lib1.final_cell_0407","TGAGTACACTC-TTCGCTGG","quiescent_stellate"
"human1_lib1.final_cell_0408","AATTCAGTA-TCCAGGGA","endothelial"
"human1_lib1.final_cell_0409","AATGCGGAT-GAGTTCAC","beta"
"human1_lib1.final_cell_0410","ACGTATAC-GCAACCTG","ductal"
"human1_lib1.final_cell_0411","TGAAAATGTCG-TCGACGGT","endothelial"
"human1_lib1.final_cell_0412","TGATCCCGTAG-AGCAGAAC","ductal"
"human1_lib1.final_cell_0413","AAAAGTCGG-CGCTCTCA","acinar"
"human1_lib1.final_cell_0414","TCATATGG-CAACAAAT","alpha"
"human1_lib1.final_cell_0415","GACATTTGTT-ATCAGCGC","delta"
"human1_lib1.final_cell_0416","TGACGGGTAGT-GCATGGGT","beta"
"human1_lib1.final_cell_0417","TGAGGCTACTA-GGTCACAG","macrophage"
"human1_lib1.final_cell_0418","GACAGTCCCT-GGACTTCC","ductal"
"human1_lib1.final_cell_0419","ACTTAGGTA-ATGAAGCA","endothelial"
"human1_lib1.final_cell_0420","ATTCCAGAC-GACAGATA","endothelial"
"human1_lib1.final_cell_0421","TGAACTAGCCA-AGCAGAAC","gamma"
"human1_lib1.final_cell_0422","AAATCAGA-GTGTAACC","endothelial"
"human1_lib1.final_cell_0423","ACGGAATTT-TTCCGAGT","endothelial"
"human1_lib1.final_cell_0424","GATTTAACAG-ATCTTTGT","beta"
"human1_lib1.final_cell_0425","GACGTCAGCA-CTTTAATC","beta"
"human1_lib1.final_cell_0426","GAGTTAACCA-CCGCTGTT","gamma"
"human1_lib1.final_cell_0427","GCAGCATG-ATGGATTA","beta"
"human1_lib1.final_cell_0428","AAGATGGCT-GTCGTCGT","mast"
"human1_lib1.final_cell_0429","TGAATGACTTT-GTCTCTCT","beta"
"human1_lib1.final_cell_0430","TGACATACATT-AGGAGCTT","endothelial"
"human1_lib1.final_cell_0431","GGCCCTTA-CCGCTGTT","gamma"
"human1_lib1.final_cell_0432","AGCTTTCCA-TGTTCCAG","quiescent_stellate"
"human1_lib1.final_cell_0433","GATCTCACTT-ATTTCCGG","alpha"
"human1_lib1.final_cell_0434","GGCCCTTA-CGCTAATA","beta"
"human1_lib1.final_cell_0435","GAGAGAGTAT-CTTACTCC","alpha"
"human1_lib1.final_cell_0436","TGAATACCCAG-CGTATCGG","acinar"
"human1_lib1.final_cell_0437","GAACTAGGAT-ATCTTTGT","ductal"
"human1_lib1.final_cell_0438","GGATAAAG-AGCGCCTT","beta"
"human1_lib1.final_cell_0439","GATTAGAC-TCTGCATC","beta"
"human1_lib1.final_cell_0440","GACCACATTA-ATGCATGG","ductal"
"human1_lib1.final_cell_0441","GGATAAAG-CCTCGTCT","beta"
"human1_lib1.final_cell_0442","ATTTATCAC-TCTGTGGT","beta"
"human1_lib1.final_cell_0443","TGACCTCGTCT-ACAGCGGA","ductal"
"human1_lib1.final_cell_0444","GCAGCATG-CGTATCGG","acinar"
"human1_lib1.final_cell_0445","TGATGTTTGAG-TTGAGGGT","endothelial"
"human1_lib1.final_cell_0446","TCCAGGGA-TGGCCTGT","beta"
"human1_lib1.final_cell_0447","ACCCGACTT-AGCTATGA","beta"
"human1_lib1.final_cell_0448","TGATTGTTTAC-ACTAGCCA","beta"
"human1_lib1.final_cell_0449","AATATCTTC-CTGTTCTT","ductal"
"human1_lib1.final_cell_0450","TGAGAGTTCAC-AGCACCAC","activated_stellate"
"human1_lib1.final_cell_0451","TGAATATAGGA-TGATAACA","beta"
"human1_lib1.final_cell_0452","ATTGTGACT-CGTATCGG","quiescent_stellate"
"human1_lib1.final_cell_0453","GTTCAACT-TGTAAAGG","acinar"
"human1_lib1.final_cell_0454","TTATAGCC-TACAAACT","gamma"
"human1_lib1.final_cell_0455","AAGTGAAAG-AACACACG","quiescent_stellate"
"human1_lib1.final_cell_0456","GATCCCAATC-TTTGTGTC","endothelial"
"human1_lib1.final_cell_0457","ATCATGAGG-ATTCGACG","endothelial"
"human1_lib1.final_cell_0458","GAGGTCCCTT-TGCTCCGT","alpha"
"human1_lib1.final_cell_0459","GAGAATTCGT-GCATGGGT","quiescent_stellate"
"human1_lib1.final_cell_0460","GGAGAAGC-TACCAGGC","beta"
"human1_lib1.final_cell_0461","AATGTTTG-CAGGTGTC","acinar"
"human1_lib1.final_cell_0462","TGAAGGATTCA-TGACCCTC","beta"
"human1_lib1.final_cell_0463","AATATACCT-GGACTTCC","endothelial"
"human1_lib1.final_cell_0464","TGATCGACACC-CGTACCTA","endothelial"
"human1_lib1.final_cell_0465","GAGGACTTCC-TAACCCGT","beta"
"human1_lib1.final_cell_0466","ATCTGCATC-GGGAACCT","acinar"
"human1_lib1.final_cell_0467","AGCAACCTG-TGTGGCTA","delta"
"human1_lib1.final_cell_0468","AATATACCT-GGCTACTA","beta"
"human1_lib1.final_cell_0469","TGACCTGTTAT-TGCAAGGG","beta"
"human1_lib1.final_cell_0470","ATCCGCTA-CGTGGATA","beta"
"human1_lib1.final_cell_0471","AGGTGACAC-ATGGGCAC","beta"
"human1_lib1.final_cell_0472","GATCTCACTT-ATACTCTT","beta"
"human1_lib1.final_cell_0473","AAGCGCCTT-AACCCTTG","beta"
"human1_lib1.final_cell_0474","TGAAACACACG-GAGCCCAT","beta"
"human1_lib1.final_cell_0475","GAATTGGGCC-TAAGACGG","beta"
"human1_lib1.final_cell_0476","TGAGTTCTGTT-GAACGATT","gamma"
"human1_lib1.final_cell_0477","TGACACAACAG-GTGGATGG","ductal"
"human1_lib1.final_cell_0478","GAGAATTCGT-CAGGTGTC","beta"
"human1_lib1.final_cell_0479","AACCCATAT-GCTCTAGT","gamma"
"human1_lib1.final_cell_0480","GACACGGACT-GAGTTTCG","beta"
"human1_lib1.final_cell_0481","GCAGCATG-GCAAGGAC","delta"
"human1_lib1.final_cell_0482","GATGACCCTC-TTGATCTA","beta"
"human1_lib1.final_cell_0483","AGGCAACG-ACACTAAG","beta"
"human1_lib1.final_cell_0484","GAAGTTTAGA-ACTCACCG","gamma"
"human1_lib1.final_cell_0485","TAGCTTAT-CATCGCAG","quiescent_stellate"
"human1_lib1.final_cell_0486","GAGTTAACCA-GCAGTCGA","delta"
"human1_lib1.final_cell_0487","GAGGACTTCC-GGCATGCT","beta"
"human1_lib1.final_cell_0488","GATGTAGTTT-AAACCTCC","delta"
"human1_lib1.final_cell_0489","TACCGGCA-TGAGGTCT","quiescent_stellate"
"human1_lib1.final_cell_0490","GATTAGAC-ATGACCGA","delta"
"human1_lib1.final_cell_0491","ACTTAGGTA-TAACTACT","beta"
"human1_lib1.final_cell_0492","CGTATTTC-TGGCTACC","alpha"
"human1_lib1.final_cell_0493","TGAATGACTTT-CAGACCAT","delta"
"human1_lib1.final_cell_0494","TGACAACAAAT-CTACTTGT","alpha"
"human1_lib1.final_cell_0495","GACCTATTCA-CTTGGTGT","quiescent_stellate"
"human1_lib1.final_cell_0496","AGATGTATT-GGTGACAC","quiescent_stellate"
"human1_lib1.final_cell_0497","TTATAGCC-GCCTCTTT","beta"
"human1_lib1.final_cell_0498","GACGTCAGCA-GACAAAGG","endothelial"
"human1_lib1.final_cell_0499","TACTTGTG-GACAGATA","endothelial"
"human1_lib1.final_cell_0500","GACTCTTGAC-ATTGGGCC","activated_stellate"
"human1_lib1.final_cell_0501","GAGGACTTCC-AACCCTTG","beta"
"human1_lib1.final_cell_0502","TGCTATTT-GGGAACCT","alpha"
"human1_lib1.final_cell_0503","TGACACAGTTT-ACACTAAG","delta"
"human1_lib1.final_cell_0504","AATATACCT-TAACTACT","beta"
"human1_lib1.final_cell_0505","GATTAAACTG-CTTACGGG","endothelial"
"human1_lib1.final_cell_0506","GAATGGGCAC-ATTGGGCC","alpha"
"human1_lib1.final_cell_0507","TGAGCCACATC-CTTTAATC","quiescent_stellate"
"human1_lib1.final_cell_0508","GGAGAAGC-ACCACGCT","beta"
"human1_lib1.final_cell_0509","GATGAGGTCT-CGAGATGT","endothelial"
"human1_lib1.final_cell_0510","GACTCTTGAC-CGTGGATA","activated_stellate"
"human1_lib1.final_cell_0511","GAGGTCCCTT-GTTACGAT","gamma"
"human1_lib1.final_cell_0512","GAGGTCCCTT-CAGTTTGC","beta"
"human1_lib1.final_cell_0513","TAGCTTAT-TTGGATCG","quiescent_stellate"
"human1_lib1.final_cell_0514","TCATCCTT-GGAATAGA","beta"
"human1_lib1.final_cell_0515","TGACCTGTTAT-CACTTTCT","endothelial"
"human1_lib1.final_cell_0516","TTATCTGT-AGAAGTCC","gamma"
"human1_lib1.final_cell_0517","AACCCATAT-ACTCACCG","beta"
"human1_lib1.final_cell_0518","GACGATTGAT-GTTCTGTT","beta"
"human1_lib1.final_cell_0519","ACCGTGTTT-GGCGTTAG","alpha"
"human1_lib1.final_cell_0520","AGCCAAGAT-GTCTCTCT","endothelial"
"human1_lib1.final_cell_0521","GAGATTGCGA-CCCATCTG","gamma"
"human1_lib1.final_cell_0522","GACTCTTGAC-AAATCAGA","beta"
"human1_lib1.final_cell_0523","GACATCTCCC-TCGGTTTA","beta"
"human1_lib1.final_cell_0524","GTCTCTCT-ATCTTTGT","beta"
"human1_lib1.final_cell_0525","GATCTCACTT-GTTTACGT","beta"
"human1_lib1.final_cell_0526","TGACTCGCGTA-GCCGGATT","endothelial"
"human1_lib1.final_cell_0527","AGGTTAGTG-CCATTACT","mast"
"human1_lib1.final_cell_0528","AACCCATAT-CCATTTGA","beta"
"human1_lib1.final_cell_0529","TGATGCCC-GCAGCATG","beta"
"human1_lib1.final_cell_0530","AAGCTACGG-CTTACGGG","endothelial"
"human1_lib1.final_cell_0531","GACATCTCCC-GCCGGATT","beta"
"human1_lib1.final_cell_0532","TACTTGTG-GTCTCTCT","endothelial"
"human1_lib1.final_cell_0533","GATTAAACTG-TCTCACTT","beta"
"human1_lib1.final_cell_0534","GATCGGTTTA-TGAGGTCT","endothelial"
"human1_lib1.final_cell_0535","GATGAAATGA-TCGACACC","beta"
"human1_lib1.final_cell_0536","GAATGGGCAC-CAGTTTGC","quiescent_stellate"
"human1_lib1.final_cell_0537","GATCTCAACC-CTTCGATT","endothelial"
"human1_lib1.final_cell_0538","GAGCGGTA-ATATCTTC","endothelial"
"human1_lib1.final_cell_0539","GAGAGAGTAT-TTGGCGTT","beta"
"human1_lib1.final_cell_0540","GAACAGCGGA-ATGGAAAT","endothelial"
"human1_lib1.final_cell_0541","GATCTCAACC-GGCGGTTT","quiescent_stellate"
"human1_lib1.final_cell_0542","CTTTAATC-ATCAAGTG","beta"
"human1_lib1.final_cell_0543","ACCTTGCC-GCAGCATG","alpha"
"human1_lib1.final_cell_0544","GACTTACTCC-GTCTCTCT","ductal"
"human1_lib1.final_cell_0545","TGATTTACCCT-GGGAAGGT","endothelial"
"human1_lib1.final_cell_0546","TGAAGCGTAGG-TCCTTATT","beta"
"human1_lib1.final_cell_0547","TGAGAAGCACT-TGGGATTC","beta"
"human1_lib1.final_cell_0548","AAGCTATGA-CCCTTGGT","endothelial"
"human1_lib1.final_cell_0549","TGAGACAACTT-TCTCAACC","beta"
"human1_lib1.final_cell_0550","AAAATCGTT-TGTTCCAG","beta"
"human1_lib1.final_cell_0551","TGACCTGTTAT-GAATTCGT","beta"
"human1_lib1.final_cell_0552","TCATATGG-CAATACTT","endothelial"
"human1_lib1.final_cell_0553","TGGCTACC-CGCCTTGA","macrophage"
"human1_lib1.final_cell_0554","TACCGGCA-ACCTTCTT","endothelial"
"human1_lib1.final_cell_0555","GCAGCATG-AAAGCCTA","ductal"
"human1_lib1.final_cell_0556","AAGCTACGG-GATTTACC","beta"
"human1_lib1.final_cell_0557","TCCTTATT-TTGATCTA","ductal"
"human1_lib1.final_cell_0558","GACCTGACAC-TTTAACAG","endothelial"
"human1_lib1.final_cell_0559","GACGTCAGCA-ATTCCTTG","quiescent_stellate"
"human1_lib1.final_cell_0560","TGATCCAGTCC-ACTAGCCA","beta"
"human1_lib1.final_cell_0561","ATCTGCATC-CAAGAGGG","endothelial"
"human1_lib1.final_cell_0562","GTCTCTCT-TTAAGCGT","endothelial"
"human1_lib1.final_cell_0563","CCGCTGTT-CTGGTGCA","beta"
"human1_lib1.final_cell_0564","TGAGTTCTGTT-CTTCTGGA","endothelial"
"human1_lib1.final_cell_0565","GTTTGTTT-CCTGACAC","endothelial"
"human1_lib1.final_cell_0566","TGAGGCGGTTT-CTACTTGT","alpha"
"human1_lib1.final_cell_0567","GAGGTCCCTT-AGCACCAC","ductal"
"human1_lib1.final_cell_0568","TGAGGCGGTTT-TTGGACTT","beta"
"human1_lib2.final_cell_0001","TGATGTTTGAG-ATTGGGCC","delta"
"human1_lib2.final_cell_0002","ATTGGATCG-CTGAGTGC","delta"
"human1_lib2.final_cell_0003","AAATCGGGT-TCTCACTT","delta"
"human1_lib2.final_cell_0004","ACGTATAC-GTATGAGT","acinar"
"human1_lib2.final_cell_0005","AGCAGAAC-TCTGTGGT","acinar"
"human1_lib2.final_cell_0006","ACCTTGCC-GATTTACC","acinar"
"human1_lib2.final_cell_0007","TGAGTTCTGTT-ATATAGGA","acinar"
"human1_lib2.final_cell_0008","AATGGATTA-GCCAAGAT","delta"
"human1_lib2.final_cell_0009","TGACTTCTGGA-TAAATAGG","acinar"
"human1_lib2.final_cell_0010","AGCACCAC-ATACTCTT","ductal"
"human1_lib2.final_cell_0011","AAGATGGCT-GAGTTCAC","alpha"
"human1_lib2.final_cell_0012","ACGTGGATA-GTCAATAC","delta"
"human1_lib2.final_cell_0013","ACTTAGGTA-AATGTTTG","delta"
"human1_lib2.final_cell_0014","TGAGTTCTGTT-GAACGATT","delta"
"human1_lib2.final_cell_0015","GGAGAAGC-GGTCACAG","delta"
"human1_lib2.final_cell_0016","GAGATTGCGA-CTCAGAAT","acinar"
"human1_lib2.final_cell_0017","TGAAAATGTCG-TCGTCATG","beta"
"human1_lib2.final_cell_0018","GACGGGCTTT-CCACATTA","acinar"
"human1_lib2.final_cell_0019","ACTGCGTTG-TGAAATGA","endothelial"
"human1_lib2.final_cell_0020","TGATATTGCCT-GAGCCCAT","delta"
"human1_lib2.final_cell_0021","GATGTAAAGG-TAAATAGG","beta"
"human1_lib2.final_cell_0022","CTTCGATT-AAAGTCGG","delta"
"human1_lib2.final_cell_0023","CTTTAATC-CAACGTGG","alpha"
"human1_lib2.final_cell_0024","TTATCTGT-GGGTGTAT","ductal"
"human1_lib2.final_cell_0025","ACAACGTGG-GACAAAGG","delta"
"human1_lib2.final_cell_0026","ATTTATCAC-GAACGATT","delta"
"human1_lib2.final_cell_0027","TGACACAACAG-GCAGTCGA","beta"
"human1_lib2.final_cell_0028","ACGTATAC-CTTCTGGA","delta"
"human1_lib2.final_cell_0029","TTCGGCCT-GGTGGGAT","beta"
"human1_lib2.final_cell_0030","TAAATAGG-ACTGAGTT","beta"
"human1_lib2.final_cell_0031","TAAATAGG-ACAGCGGA","delta"
"human1_lib2.final_cell_0032","GAGCGTTGCT-AAGTAATC","gamma"
"human1_lib2.final_cell_0033","AAGCTACGG-ATCAAGTG","beta"
"human1_lib2.final_cell_0034","GAACTGCCGT-CCAGCAGT","delta"
"human1_lib2.final_cell_0035","ATTGGATCG-AACACACG","beta"
"human1_lib2.final_cell_0036","AGGGCCAAT-TCGACGGT","delta"
"human1_lib2.final_cell_0037","AATGGATTA-CCTATTCA","beta"
"human1_lib2.final_cell_0038","TACTTGTG-AGCGCGAT","alpha"
"human1_lib2.final_cell_0039","AACGAAACG-TTCGTTCC","beta"
"human1_lib2.final_cell_0040","TGACACAGTTT-TGAGGTCT","delta"
"human1_lib2.final_cell_0041","AACTCACCG-CCAACCGT","delta"
"human1_lib2.final_cell_0042","ATCATGAGG-AGCGCGAT","beta"
"human1_lib2.final_cell_0043","AGGGCCAAT-TGCCATCG","delta"
"human1_lib2.final_cell_0044","ATTCGTTCC-GATGTGAG","delta"
"human1_lib2.final_cell_0045","TGAAAACAGGG-AACTTAGC","ductal"
"human1_lib2.final_cell_0046","GGAGAAGC-TCTGTGGT","beta"
"human1_lib2.final_cell_0047","TGATAGAAATG-GTCAATAC","delta"
"human1_lib2.final_cell_0048","GACGAGATGT-ACTAGGAT","delta"
"human1_lib2.final_cell_0049","ATTTCCGG-AATGACCC","alpha"
"human1_lib2.final_cell_0050","GTAACGTT-ACGGTAGC","beta"
"human1_lib2.final_cell_0051","TGATCGACGGT-TGCAAGGG","alpha"
"human1_lib2.final_cell_0052","ACTAGATTG-GGGAAATC","alpha"
"human1_lib2.final_cell_0053","AAAAGTCGG-GTGTCGGA","beta"
"human1_lib2.final_cell_0054","GGTGGGAT-TGAGGTCT","acinar"
"human1_lib2.final_cell_0055","CATCGCAG-AGGCAACG","beta"
"human1_lib2.final_cell_0056","GAACGCCATT-GATGTGAG","beta"
"human1_lib2.final_cell_0057","AAAAGTCGG-GATTGCGA","beta"
"human1_lib2.final_cell_0058","GATAAGACGG-CTTCGCAC","delta"
"human1_lib2.final_cell_0059","AAGAACGGG-CCATTTGA","activated_stellate"
"human1_lib2.final_cell_0060","AATGTTGGC-AGGAGCTT","beta"
"human1_lib2.final_cell_0061","CTTTCTTT-TCTGTGGT","beta"
"human1_lib2.final_cell_0062","AAGATGGCT-TTATCTGT","beta"
"human1_lib2.final_cell_0063","GAATTGGGCC-CCCGAATG","delta"
"human1_lib2.final_cell_0064","TTGGACTT-GGGTTGGT","beta"
"human1_lib2.final_cell_0065","GAGACGATGG-ATGCATGG","alpha"
"human1_lib2.final_cell_0066","AGAACGATT-TCCCGTAG","ductal"
"human1_lib2.final_cell_0067","GAACGCCATT-CGGACAAC","acinar"
"human1_lib2.final_cell_0068","ATCACGTTT-ACTCACCG","delta"
"human1_lib2.final_cell_0069","AACTCACCG-TCACCGAG","beta"
"human1_lib2.final_cell_0070","TGACAAGTCAT-GTTTGTTT","beta"
"human1_lib2.final_cell_0071","AACGAAACG-TGACCCTC","beta"
"human1_lib2.final_cell_0072","ATCTGCATC-CCCTTGGT","acinar"
"human1_lib2.final_cell_0073","TCGAAGCT-TGTGCTCA","beta"
"human1_lib2.final_cell_0074","TGAAACAATCC-GACAACTT","delta"
"human1_lib2.final_cell_0075","GGATAAAG-ATCAGCGC","beta"
"human1_lib2.final_cell_0076","GATAAGACGG-ATATCTTC","beta"
"human1_lib2.final_cell_0077","ATAGTGGAC-GGGAGGTA","beta"
"human1_lib2.final_cell_0078","GACAATTAGT-AAATCAGA","delta"
"human1_lib2.final_cell_0079","GAGTTTCG-GATTTACC","delta"
"human1_lib2.final_cell_0080","GAGATCTCGG-AACACACG","beta"
"human1_lib2.final_cell_0081","TCGAAGCT-TGTACACG","delta"
"human1_lib2.final_cell_0082","AATGTTTG-GGGCCAAT","beta"
"human1_lib2.final_cell_0083","GAGAAAGACC-TAAATAGG","beta"
"human1_lib2.final_cell_0084","GAGGGAGGTA-CACAGTTT","beta"
"human1_lib2.final_cell_0085","GAGTTTCG-CCCATAGC","beta"
"human1_lib2.final_cell_0086","TGATAGAAATG-TGCTATTT","beta"
"human1_lib2.final_cell_0087","TGAGTGGAGCT-GTTTGTTT","beta"
"human1_lib2.final_cell_0088","GCAGTCGA-TTGCATAT","acinar"
"human1_lib2.final_cell_0089","GATGTTCCAG-AGTGAAAG","beta"
"human1_lib2.final_cell_0090","AAATCAGA-ACGTATAC","beta"
"human1_lib2.final_cell_0091","TAAATAGG-ACTCACCG","beta"
"human1_lib2.final_cell_0092","TGGCTACC-CGGGTAGT","alpha"
"human1_lib2.final_cell_0093","AATACTCTT-CCTGTTAT","endothelial"
"human1_lib2.final_cell_0094","AGAACGATT-GCAGCATG","beta"
"human1_lib2.final_cell_0095","CCCATCTG-GTCAATAC","delta"
"human1_lib2.final_cell_0096","TGAGGGAAATC-GCAACCTG","beta"
"human1_lib2.final_cell_0097","AGAAGTCC-TCGGTACG","delta"
"human1_lib2.final_cell_0098","GATTTAACAG-CAATACTT","beta"
"human1_lib2.final_cell_0099","ACTGCGTTG-GAGAATTG","delta"
"human1_lib2.final_cell_0100","ACGTGGATA-CTTTAATC","beta"
"human1_lib2.final_cell_0101","ACAACGTGG-GTGGAGCT","beta"
"human1_lib2.final_cell_0102","TGAGGTCTGAC-ATCCGCTA","delta"
"human1_lib2.final_cell_0103","CGAACGTA-GAGGCTGA","ductal"
"human1_lib2.final_cell_0104","AGCCTCTTT-GTGTAACC","beta"
"human1_lib2.final_cell_0105","GATTGAGGGT-TTGGCGTT","beta"
"human1_lib2.final_cell_0106","TGAAGAAGTTA-GGGAAGGT","ductal"
"human1_lib2.final_cell_0107","TGAGGCTACTA-AATGAATG","beta"
"human1_lib2.final_cell_0108","ATCGGTTCG-GGAATAGA","beta"
"human1_lib2.final_cell_0109","TCCAGGGA-AGAGACTA","beta"
"human1_lib2.final_cell_0110","ATCCGCTA-GCTTACCT","beta"
"human1_lib2.final_cell_0111","GATCGTTT-ATGACTTT","acinar"
"human1_lib2.final_cell_0112","TGAATGAAGCA-GGTTAGTG","acinar"
"human1_lib2.final_cell_0113","GATAAGACGG-CATCTCCC","beta"
"human1_lib2.final_cell_0114","GGAAACAG-TTAAGCGT","alpha"
"human1_lib2.final_cell_0115","AATCCCACG-CCTGACAC","beta"
"human1_lib2.final_cell_0116","GGAGAAGC-GCAGTCGA","delta"
"human1_lib2.final_cell_0117","AAGCTACGG-ATTCAGTA","beta"
"human1_lib2.final_cell_0118","GATGCCATCG-GGCGGTTT","beta"
"human1_lib2.final_cell_0119","GAATTGGGCC-AACACACG","beta"
"human1_lib2.final_cell_0120","GACAAGAGGG-GATTAGAC","beta"
"human1_lib2.final_cell_0121","AAATCGGGT-AAATGTCG","beta"
"human1_lib2.final_cell_0122","GTAACGTT-GTCATATT","ductal"
"human1_lib2.final_cell_0123","TGATGTTTGAG-ATGCGGAT","beta"
"human1_lib2.final_cell_0124","AGGTTAGTG-CCTGACAC","acinar"
"human1_lib2.final_cell_0125","GTACCTTG-AAAGTCGG","beta"
"human1_lib2.final_cell_0126","GAATGGAAAT-GAAAGACC","acinar"
"human1_lib2.final_cell_0127","AAAACGCCT-GTTCTGTT","beta"
"human1_lib2.final_cell_0128","AAGCGAAGT-AACACACG","ductal"
"human1_lib2.final_cell_0129","TTATCTGT-GCGTTGCT","beta"
"human1_lib2.final_cell_0130","GAATGGAAAT-AGTTTAGA","activated_stellate"
"human1_lib2.final_cell_0131","AGTGGATGG-CTCAGAAT","alpha"
"human1_lib2.final_cell_0132","GACCACATTA-ATGCGGAT","beta"
"human1_lib2.final_cell_0133","AAGACACCA-GACAACTT","delta"
"human1_lib2.final_cell_0134","AACTTAGC-GGCCCTTA","delta"
"human1_lib2.final_cell_0135","ATTGATTCT-ACCACGCT","beta"
"human1_lib2.final_cell_0136","CATCGCAG-CTAGTAAC","beta"
"human1_lib2.final_cell_0137","GGATAAAG-GCAAAGCC","beta"
"human1_lib2.final_cell_0138","AGAGACTA-GATTAGAC","beta"
"human1_lib2.final_cell_0139","AATGCGGAT-CTTCAGGT","acinar"
"human1_lib2.final_cell_0140","GAATCAAGTG-AGCGTAGG","beta"
"human1_lib2.final_cell_0141","GATCGGTTTA-AAAGTCGG","beta"
"human1_lib2.final_cell_0142","GACCTATTCA-TTCCAGAC","beta"
"human1_lib2.final_cell_0143","TGAGTGGAGCT-TGTGGCTA","delta"
"human1_lib2.final_cell_0144","GACTTCTTCG-GAGTTTCG","beta"
"human1_lib2.final_cell_0145","TGAGCCGGATT-CAATACTT","ductal"
"human1_lib2.final_cell_0146","TGGTATGA-GCAGGGTA","beta"
"human1_lib2.final_cell_0147","TGAACATCTAT-GACAAAGG","beta"
"human1_lib2.final_cell_0148","GCAGCATG-AAAGCCTA","ductal"
"human1_lib2.final_cell_0149","AATGGATTA-GTCATATT","macrophage"
"human1_lib2.final_cell_0150","ATCATGAGG-GATCGTTT","beta"
"human1_lib2.final_cell_0151","GTAACGTT-CCCTAACC","delta"
"human1_lib2.final_cell_0152","GACGTACCTA-GAGAATTG","beta"
"human1_lib2.final_cell_0153","ACCTTCTT-CTTCAGGT","beta"
"human1_lib2.final_cell_0154","GAGAAAGACC-AAATCAGA","beta"
"human1_lib2.final_cell_0155","AGCAGAAC-TCGAAGCT","beta"
"human1_lib2.final_cell_0156","GAAAGCGTAC-CCCGACTT","beta"
"human1_lib2.final_cell_0157","TGACAGACCAT-AACAATCC","activated_stellate"
"human1_lib2.final_cell_0158","ACTTCAAT-TCCAGTCC","beta"
"human1_lib2.final_cell_0159","TGATCGACGGT-CTAGTAAC","beta"
"human1_lib2.final_cell_0160","AATGTTTG-ACTAGCCA","ductal"
"human1_lib2.final_cell_0161","ATTGGATCG-GTTTGTTT","beta"
"human1_lib2.final_cell_0162","TGCGACAG-ATCTTTGT","beta"
"human1_lib2.final_cell_0163","GTGTAACC-AGAAGTTA","beta"
"human1_lib2.final_cell_0164","CTTTAATC-AGCTATGA","beta"
"human1_lib2.final_cell_0165","GAAGTTTAGA-AGAGGTGG","beta"
"human1_lib2.final_cell_0166","AGGGAAGGT-ACGCCATT","delta"
"human1_lib2.final_cell_0167","TGACAGACCAT-AAAGTCGG","beta"
"human1_lib2.final_cell_0168","TGACCTCGTCT-GGCTACTA","beta"
"human1_lib2.final_cell_0169","TGAGACAACTT-CATCTCCC","delta"
"human1_lib2.final_cell_0170","GGTGGGAT-CTTCTTCG","beta"
"human1_lib2.final_cell_0171","AGGTGACAC-TTGTGACT","beta"
"human1_lib2.final_cell_0172","GTTGCACG-TGATGCCC","beta"
"human1_lib2.final_cell_0173","AGGCCTAAG-ATGGGCAC","beta"
"human1_lib2.final_cell_0174","TGACCTCGTCT-TGATGCCC","alpha"
"human1_lib2.final_cell_0175","GACCTGACAC-TGTTTGAG","beta"
"human1_lib2.final_cell_0176","AAGTGAAAG-CTTCTGGA","beta"
"human1_lib2.final_cell_0177","GACCTATTCA-TGAAATGA","acinar"
"human1_lib2.final_cell_0178","AAATCAGA-TCTCACTT","beta"
"human1_lib2.final_cell_0179","GACTTCTTCG-CGGACAAC","beta"
"human1_lib2.final_cell_0180","ATCATGAGG-AAACGCCT","beta"
"human1_lib2.final_cell_0181","GATCTGTGGT-ATCCCACG","beta"
"human1_lib2.final_cell_0182","ATTAGGACC-GTCAATAC","ductal"
"human1_lib2.final_cell_0183","TGAGTACACTC-GGGAACGA","beta"
"human1_lib2.final_cell_0184","AACTGAGTT-CCGTGTTT","delta"
"human1_lib2.final_cell_0185","GATAGTGTTT-GCAAGGAC","beta"
"human1_lib2.final_cell_0186","TGAGGAATAGA-TCATGAGG","alpha"
"human1_lib2.final_cell_0187","GCATGGGT-GTTACCGC","beta"
"human1_lib2.final_cell_0188","TGACAACAAAT-TTTGGGAG","beta"
"human1_lib2.final_cell_0189","GACACGGACT-GGGTTGGT","beta"
"human1_lib2.final_cell_0190","ACGTATAC-ATACTCTT","beta"
"human1_lib2.final_cell_0191","AGGCCTAAG-TTCCGCTC","delta"
"human1_lib2.final_cell_0192","AAAAGCCTA-CTTCAGGT","beta"
"human1_lib2.final_cell_0193","TGACAACAAAT-ATACCCAG","beta"
"human1_lib2.final_cell_0194","AGGTTAGTG-AGCGAAGT","delta"
"human1_lib2.final_cell_0195","GGATAAAG-ATCCCACG","beta"
"human1_lib2.final_cell_0196","CTTACGGG-CTGAGTGC","beta"
"human1_lib2.final_cell_0197","TGAGGAATAGA-TCCTTATT","beta"
"human1_lib2.final_cell_0198","ACCGCAACT-GCAGTCGA","beta"
"human1_lib2.final_cell_0199","GAACCACGCT-TGGCTACC","beta"
"human1_lib2.final_cell_0200","TGAATACCCAG-CCCGAATG","beta"
"human1_lib2.final_cell_0201","AAGAACGGG-AGCGAAGT","beta"
"human1_lib2.final_cell_0202","GACGATTGAT-TCACCGAG","gamma"
"human1_lib2.final_cell_0203","TGACATACATT-GGCGTTAG","beta"
"human1_lib2.final_cell_0204","TGATCGACACC-AGCGTAGG","beta"
"human1_lib2.final_cell_0205","GATGTAAAGG-ATGCATGG","delta"
"human1_lib2.final_cell_0206","TGACAAGTCAT-TTCACATA","ductal"
"human1_lib2.final_cell_0207","TGAGAGGCTGA-AGATGGCT","beta"
"human1_lib2.final_cell_0208","GAGATTGCGA-ATTCAGTA","beta"
"human1_lib2.final_cell_0209","ATTTGGGAG-CCAACCGT","beta"
"human1_lib2.final_cell_0210","TCATCCTT-TCACCGAG","delta"
"human1_lib2.final_cell_0211","ACGGACAAC-CAACGTGG","beta"
"human1_lib2.final_cell_0212","AAGCTATGA-TGTGTCCT","ductal"
"human1_lib2.final_cell_0213","TGAGCAAGGAC-ATGGGCAC","beta"
"human1_lib2.final_cell_0214","TGATTTACCCT-AGCGTAGG","beta"
"human1_lib2.final_cell_0215","TGAGAAGCACT-TGGTTTCT","beta"
"human1_lib2.final_cell_0216","GCTTTGGC-CCCTTGGT","beta"
"human1_lib2.final_cell_0217","TCATATGG-GGCCCTTA","ductal"
"human1_lib2.final_cell_0218","TGAGAAGCACT-GTCAAAGA","activated_stellate"
"human1_lib2.final_cell_0219","ACCGCAACT-CTTCTTCG","beta"
"human1_lib2.final_cell_0220","AAATCGGGT-CACTCCTC","alpha"
"human1_lib2.final_cell_0221","ATTTATCAC-CTTACGGG","beta"
"human1_lib2.final_cell_0222","AGAACGATT-TTCGGCCT","beta"
"human1_lib2.final_cell_0223","TGATCCCGTAG-GTACACTC","activated_stellate"
"human1_lib2.final_cell_0224","GAATCAAGTG-ATACCCAG","alpha"
"human1_lib2.final_cell_0225","TGCTATTT-CCCAAGCA","acinar"
"human1_lib2.final_cell_0226","TTGGACTT-GCTTACCT","gamma"
"human1_lib2.final_cell_0227","AAAACGCCT-ATATAGGA","beta"
"human1_lib2.final_cell_0228","GATCTCAACC-GGGAAGGT","beta"
"human1_lib2.final_cell_0229","GCTTTGGC-GGGTGTAT","beta"
"human1_lib2.final_cell_0230","GATGAAATGA-AGGCAACG","delta"
"human1_lib2.final_cell_0231","ATTGGATCG-TCTGTGGT","alpha"
"human1_lib2.final_cell_0232","TGAAGGATTCA-CTCCGCAT","endothelial"
"human1_lib2.final_cell_0233","ACGGACAAC-AGGAAGAC","gamma"
"human1_lib2.final_cell_0234","TGATCCCGTAG-TTATCTGT","beta"
"human1_lib2.final_cell_0235","TGACGTAGAAG-TCTGCATC","alpha"
"human1_lib2.final_cell_0236","AACCCATAT-GCCACATC","beta"
"human1_lib2.final_cell_0237","GACCACATTA-TGCGACAG","beta"
"human1_lib2.final_cell_0238","AGGGTGTAT-TGAAATGA","beta"
"human1_lib2.final_cell_0239","GACGAATAAT-GGTTAGTG","beta"
"human1_lib2.final_cell_0240","AATGTTTG-TCTGCATC","beta"
"human1_lib2.final_cell_0241","TGATACGTGCT-CTCGCGTA","endothelial"
"human1_lib2.final_cell_0242","GACGAATAAT-TTATCTGT","beta"
"human1_lib2.final_cell_0243","TCATCCTT-GGCCCTTA","delta"
"human1_lib2.final_cell_0244","GACGCCTTGA-CGACTCCT","beta"
"human1_lib2.final_cell_0245","ATTAGGACC-TAAATAGG","alpha"
"human1_lib2.final_cell_0246","GATGTACACG-TTCGTTCC","beta"
"human1_lib2.final_cell_0247","TGAAGCGTAGG-AGGATTCA","alpha"
"human1_lib2.final_cell_0248","ACCATTTGA-ACTAGCCA","alpha"
"human1_lib2.final_cell_0249","TGACAGACCAT-GATCGTTT","delta"
"human1_lib2.final_cell_0250","AGTCAAAGA-TGTACACG","alpha"
"human1_lib2.final_cell_0251","AGTGGATGG-TCCAGTCC","ductal"
"human1_lib2.final_cell_0252","AACCTGAC-TTGTCGCC","beta"
"human1_lib2.final_cell_0253","AATATCTTC-ACCTTCTT","alpha"
"human1_lib2.final_cell_0254","TACCGGCA-AGATGGCT","endothelial"
"human1_lib2.final_cell_0255","GAGGGAGGTA-ACTAGCCA","beta"
"human1_lib2.final_cell_0256","AAAACCTCC-GGAAACAG","beta"
"human1_lib2.final_cell_0257","TACCGGCA-CTCGATGC","ductal"
"human1_lib2.final_cell_0258","GAGGTCCCTT-CAGGTGTC","delta"
"human1_lib2.final_cell_0259","GAACAGCGGA-ATGTTGGC","beta"
"human1_lib2.final_cell_0260","AGTCAATAC-CTCAGAAT","beta"
"human1_lib2.final_cell_0261","AGAGACTA-CTGTCTGG","alpha"
"human1_lib2.final_cell_0262","GAGGGAACCT-GGTTTCTC","alpha"
"human1_lib2.final_cell_0263","TTCCGCTC-CGACTCCT","delta"
"human1_lib2.final_cell_0264","AATGGATTA-CGTATTTC","gamma"
"human1_lib2.final_cell_0265","GACGGGCTTT-CTTCTTCG","alpha"
"human1_lib2.final_cell_0266","AGTTTACGT-GATTGCGA","beta"
"human1_lib2.final_cell_0267","GGAAACAG-ACTAGCCA","alpha"
"human1_lib2.final_cell_0268","GAGGGAACCT-AGGAAGAC","ductal"
"human1_lib2.final_cell_0269","GATGCCATCG-TCTCACTT","beta"
"human1_lib2.final_cell_0270","ACTGCGTTG-AAATCAGA","gamma"
"human1_lib2.final_cell_0271","TAAATAGG-TTGATTCT","beta"
"human1_lib2.final_cell_0272","TTCGGCCT-GTAATCCC","schwann"
"human1_lib2.final_cell_0273","GACGCCTTGA-CCGCAACT","delta"
"human1_lib2.final_cell_0274","AATGTTGGC-ATTCCTTG","beta"
"human1_lib2.final_cell_0275","ATTGTGACT-GTCCATGT","alpha"
"human1_lib2.final_cell_0276","ACCCTAACC-CCTCGTCT","delta"
"human1_lib2.final_cell_0277","GAACGCCATT-CCCAAGCA","beta"
"human1_lib2.final_cell_0278","GACGATTGAT-CTTCTGGA","acinar"
"human1_lib2.final_cell_0279","TTCCGCTC-AATGAATG","beta"
"human1_lib2.final_cell_0280","AAAAGCCTA-ATCTTTGT","beta"
"human1_lib2.final_cell_0281","AAAACGCCT-CTTCTGGA","beta"
"human1_lib2.final_cell_0282","TGAAACACACG-CTCAGAAT","beta"
"human1_lib2.final_cell_0283","GATGAGGTCT-TGAGGTCT","beta"
"human1_lib2.final_cell_0284","TGATTTACCCT-AATGTTTG","alpha"
"human1_lib2.final_cell_0285","GAAGTGATGC-GTCAATAC","beta"
"human1_lib2.final_cell_0286","CGGCTTAC-CCCTTGGT","beta"
"human1_lib2.final_cell_0287","AATTCCCA-AGACACCA","macrophage"
"human1_lib2.final_cell_0288","AAAAGTCGG-GTTAACCA","gamma"
"human1_lib2.final_cell_0289","TGACTACCGTT-TGGGATTC","beta"
"human1_lib2.final_cell_0290","GACGAATAAT-TCGACACC","beta"
"human1_lib2.final_cell_0291","AAAAGCCTA-ACCACGCT","alpha"
"human1_lib2.final_cell_0292","GTTCAACT-CTTTCTTT","acinar"
"human1_lib2.final_cell_0293","GCATGGGT-TCATATGG","endothelial"
"human1_lib2.final_cell_0294","ACCTTGCC-TCACGTTT","alpha"
"human1_lib2.final_cell_0295","AGCCAAGAT-GCTTACCT","beta"
"human1_lib2.final_cell_0296","GACCACATTA-GGAAACAG","alpha"
"human1_lib2.final_cell_0297","AAGAACGGG-TCTGTGGT","alpha"
"human1_lib2.final_cell_0298","TACCGGCA-AAACTCGA","alpha"
"human1_lib2.final_cell_0299","GATTTAACAG-AACTTAGC","beta"
"human1_lib2.final_cell_0300","ATGGCCTGT-CATCTCCC","beta"
"human1_lib2.final_cell_0301","GAGCGTTGCT-TTGCATAT","alpha"
"human1_lib2.final_cell_0302","TTATCTGT-GCTTTCCA","alpha"
"human1_lib2.final_cell_0303","GATCGGTTTA-AAACGCCT","macrophage"
"human1_lib2.final_cell_0304","AAAAGCCTA-CGCTCTCA","alpha"
"human1_lib2.final_cell_0305","TGAAAACTGGT-CTACTTGT","beta"
"human1_lib2.final_cell_0306","GACGCCTTGA-ACGCTCAG","beta"
"human1_lib2.final_cell_0307","GATCGGTTTA-GGGAAATC","beta"
"human1_lib2.final_cell_0308","TGATGATAACA-CGCCTTGA","alpha"
"human1_lib2.final_cell_0309","TCCAGGGA-GCAGGGTA","activated_stellate"
"human1_lib2.final_cell_0310","TGACACTTTCT-CCCATAGC","delta"
"human1_lib2.final_cell_0311","TGAAGGTTGTG-CTCTTGAC","alpha"
"human1_lib2.final_cell_0312","TGACTCAGAAT-CCTATTCA","alpha"
"human1_lib2.final_cell_0313","ATATGCAT-CTTCTTCG","endothelial"
"human1_lib2.final_cell_0314","TGAGGGAAATC-ATCCGCTA","beta"
"human1_lib2.final_cell_0315","GTTTGTTT-ACCTTCTT","delta"
"human1_lib2.final_cell_0316","GATGAGGTCT-ACCTTGCC","beta"
"human1_lib2.final_cell_0317","AGGGTGTAT-GCCAAGAT","beta"
"human1_lib2.final_cell_0318","GACCTGACAC-ATGCGGAT","beta"
"human1_lib2.final_cell_0319","TGATTGTTTAC-TCTGTGGT","ductal"
"human1_lib2.final_cell_0320","GACATCTCCC-GGGAGGTA","beta"
"human1_lib2.final_cell_0321","TGAGCAAGGAC-TCCCAATC","ductal"
"human1_lib2.final_cell_0322","GAAAGATTGT-ACATCTAT","beta"
"human1_lib2.final_cell_0323","TGAAGCGCGAT-TGATAACA","beta"
"human1_lib2.final_cell_0324","TGAGCCGGATT-ACGCAGAG","activated_stellate"
"human1_lib2.final_cell_0325","ATCATGAGG-GTGTAACC","beta"
"human1_lib2.final_cell_0326","GACGAATAAT-TTGAGGGT","ductal"
"human1_lib2.final_cell_0327","TGACCAGT-AAATCGTT","beta"
"human1_lib2.final_cell_0328","ACTAGATTG-TTATCTGT","beta"
"human1_lib2.final_cell_0329","ACTTCAAT-GTACCTTG","delta"
"human1_lib2.final_cell_0330","CTTCGATT-TTTGGGAG","ductal"
"human1_lib2.final_cell_0331","GGATAAAG-CTAGTAAC","alpha"
"human1_lib2.final_cell_0332","AGGTTAGTG-CGCTCTCA","ductal"
"human1_lib2.final_cell_0333","AAAACCTCC-TGTGTCCT","beta"
"human1_lib2.final_cell_0334","AACCTGAC-AAACTGGT","gamma"
"human1_lib2.final_cell_0335","TACTTGTG-CGAACGTA","ductal"
"human1_lib2.final_cell_0336","TGAGCAGGGTA-GGAGAAGC","beta"
"human1_lib2.final_cell_0337","AGTCAAAGA-GGAATAGA","gamma"
"human1_lib2.final_cell_0338","GACCTGACAC-TGACCCTC","delta"
"human1_lib2.final_cell_0339","GGCATGCT-ATTGGGCC","alpha"
"human1_lib2.final_cell_0340","AGAAGTCC-TCGGTTTA","gamma"
"human1_lib2.final_cell_0341","ATGTGTCCT-TTAAGCGT","alpha"
"human1_lib2.final_cell_0342","TGATATTGCCT-CTTGGTGT","beta"
"human1_lib2.final_cell_0343","TGAATGAAGCA-GTGTCGGA","macrophage"
"human1_lib2.final_cell_0344","ATCGGTTCG-AAGTAATC","beta"
"human1_lib2.final_cell_0345","ATATGCAT-CCACATTA","beta"
"human1_lib2.final_cell_0346","GACTGTCTGG-TCGACGGT","quiescent_stellate"
"human1_lib2.final_cell_0347","GATGACCCTC-AATGACCC","delta"
"human1_lib2.final_cell_0348","GAGAGCCCAT-TTGGATCG","beta"
"human1_lib2.final_cell_0349","CGCTAATA-AGTGATGC","alpha"
"human1_lib2.final_cell_0350","TGAATGACTTT-ACCCACGA","beta"
"human1_lib2.final_cell_0351","GACCTACTAG-TTGAGGGT","alpha"
"human1_lib2.final_cell_0352","TGACAATACTT-GCAACCTG","beta"
"human1_lib2.final_cell_0353","GAGAGCCCAT-ATGAAGCA","beta"
"human1_lib2.final_cell_0354","AATATACCT-TCACCGAG","gamma"
"human1_lib2.final_cell_0355","AAAGGTAAT-CAGATTAC","alpha"
"human1_lib2.final_cell_0356","TGAGGCTACTA-GTCAATAC","beta"
"human1_lib2.final_cell_0357","GCAGTCGA-TGGTTTCT","beta"
"human1_lib2.final_cell_0358","GAGGGAGGTA-TGTGTCCT","beta"
"human1_lib2.final_cell_0359","AGCACCTCT-GGCGGTTT","beta"
"human1_lib2.final_cell_0360","GTTGCACG-CGCTAATA","macrophage"
"human1_lib2.final_cell_0361","GATCTGTGGT-GGTCACAG","beta"
"human1_lib2.final_cell_0362","TGCCTCAC-TCTCACTT","delta"
"human1_lib2.final_cell_0363","GATGTTCCAG-CGTCAGCA","beta"
"human1_lib2.final_cell_0364","TGAGCAAGGAC-GCCGGATT","gamma"
"human1_lib2.final_cell_0365","GAAAGCGTAC-TGACCAGT","epsilon"
"human1_lib2.final_cell_0366","TGAAGGATTCA-GGTCCCTT","delta"
"human1_lib2.final_cell_0367","GATCTGTGGT-TTCGTTCC","alpha"
"human1_lib2.final_cell_0368","TGACCAGT-CGCCTTGA","beta"
"human1_lib2.final_cell_0369","GACGCCTTGA-ATATACCT","beta"
"human1_lib2.final_cell_0370","AGGCCTAAG-GTTTACGT","delta"
"human1_lib2.final_cell_0371","GAACACTAAG-CGCTAATA","alpha"
"human1_lib2.final_cell_0372","AAATCAGA-AAACTGGT","endothelial"
"human1_lib2.final_cell_0373","GAAGGCAGTT-AATTCCCA","beta"
"human1_lib2.final_cell_0374","TGACTACCGTT-AGGTTGTG","activated_stellate"
"human1_lib2.final_cell_0375","GACGTCAGCA-TAGCTTAT","acinar"
"human1_lib2.final_cell_0376","GCAGCATG-CGTATTTC","beta"
"human1_lib2.final_cell_0377","TGAAGCGCGAT-TTCCGCTC","acinar"
"human1_lib2.final_cell_0378","GAACTGCCGT-TTATAGCC","alpha"
"human1_lib2.final_cell_0379","ACTGCGTTG-ACTAGGAT","gamma"
"human1_lib2.final_cell_0380","TGATCGACACC-CAACGTGG","macrophage"
"human1_lib2.final_cell_0381","GACGACTCCT-GAGCGGTA","beta"
"human1_lib2.final_cell_0382","GGCCCTTA-TGTTTGAG","beta"
"human1_lib2.final_cell_0383","GAAGGAAGAC-GTCAAAGA","acinar"
"human1_lib2.final_cell_0384","ACCTTGCC-AATCGGGT","beta"
"human1_lib2.final_cell_0385","AGAAGTCC-TTATCTGT","beta"
"human1_lib2.final_cell_0386","GACGAATAAT-CCTACTAG","alpha"
"human1_lib2.final_cell_0387","GACAATTAGT-TTGATTCT","delta"
"human1_lib2.final_cell_0388","TGAGAGGCTGA-AGAAGTTA","beta"
"human1_lib2.final_cell_0389","TGAAGAAGTTA-AGCAGAAC","ductal"
"human1_lib2.final_cell_0390","ACTAGATTG-CTTCAGGT","alpha"
"human1_lib2.final_cell_0391","AGTATGAGT-GATTGCGA","beta"
"human1_lib2.final_cell_0392","ATTCGTTCC-TGAGGTCT","delta"
"human1_lib2.final_cell_0393","GATCTCACTT-TCATATGG","beta"
"human1_lib2.final_cell_0394","TGAAGGAGCTT-TCCCAATC","beta"
"human1_lib2.final_cell_0395","TGAAAATGTCG-GATCTCGG","acinar"
"human1_lib2.final_cell_0396","AGAACGATT-ACGGTAGC","beta"
"human1_lib2.final_cell_0397","TTCCGCTC-GTTAACCA","beta"
"human1_lib2.final_cell_0398","TGACTAGTAAC-GTGTCGGA","beta"
"human1_lib2.final_cell_0399","AACCCATAT-GGTTAGTG","alpha"
"human1_lib2.final_cell_0400","GGTGGGAT-CCATTACT","alpha"
"human1_lib2.final_cell_0401","GATGACCCTC-ATACTCTT","alpha"
"human1_lib2.final_cell_0402","TGAAGGTTGTG-TGTGGCTA","ductal"
"human1_lib2.final_cell_0403","AAGACACCA-CTGCGTTG","alpha"
"human1_lib2.final_cell_0404","TGCCTCAC-GATTGCGA","acinar"
"human1_lib2.final_cell_0405","TGACAACAAAT-ACACTAAG","acinar"
"human1_lib2.final_cell_0406","GATCTCACTT-TTGTTTAC","beta"
"human1_lib2.final_cell_0407","GAAAGCGTAC-CACTCCTC","delta"
"human1_lib2.final_cell_0408","AATGCGGAT-GGGCCAAT","quiescent_stellate"
"human1_lib2.final_cell_0409","GACGTCAGCA-ACTTCAAT","alpha"
"human1_lib2.final_cell_0410","GAGGTCCCTT-TTATAGCC","delta"
"human1_lib2.final_cell_0411","AAGCTACGG-AGAGGTGG","beta"
"human1_lib2.final_cell_0412","GAACTGCCGT-CACTCCTC","ductal"
"human1_lib2.final_cell_0413","GAGAGAATTG-CTGCGTTG","beta"
"human1_lib2.final_cell_0414","TGAGTTCTGTT-CGCTCTCA","beta"
"human1_lib2.final_cell_0415","TGACTCGATGC-AACAATCC","beta"
"human1_lib2.final_cell_0416","TGAGAAGCACT-GTGTAACC","beta"
"human1_lib2.final_cell_0417","CGCTAATA-ATGGAAAT","quiescent_stellate"
"human1_lib2.final_cell_0418","GAGATTGCGA-GGTCCCTT","endothelial"
"human1_lib2.final_cell_0419","TGATTCACATA-GCGCATTC","acinar"
"human1_lib2.final_cell_0420","GAGGGAACCT-CTTCGCAC","activated_stellate"
"human1_lib2.final_cell_0421","TGACACTTTCT-GTTAACCA","delta"
"human1_lib2.final_cell_0422","TGAAGGTTGTG-CTAGATTG","beta"
"human1_lib2.final_cell_0423","TGAGCAGGGTA-GTTAACCA","alpha"
"human1_lib2.final_cell_0424","AAAGGTAAT-GTCATATT","endothelial"
"human1_lib2.final_cell_0425","TGACTCGATGC-GAGCGGTA","endothelial"
"human1_lib2.final_cell_0426","TGCGACAG-AGACACCA","alpha"
"human1_lib2.final_cell_0427","TGATCGTCATG-GTACCTTG","beta"
"human1_lib2.final_cell_0428","TGATCGTCATG-CGGACAAC","gamma"
"human1_lib2.final_cell_0429","GACGCCTTGA-ACAGCGGA","beta"
"human1_lib2.final_cell_0430","GATTGGCGTT-ACTAGGAT","ductal"
"human1_lib2.final_cell_0431","CAGTTTGC-AAATCAGA","activated_stellate"
"human1_lib2.final_cell_0432","GACTGTCTGG-CCTGACAC","alpha"
"human1_lib2.final_cell_0433","TTGCATAT-AACCCTTG","beta"
"human1_lib2.final_cell_0434","TGACACAGTTT-GGGCCAAT","beta"
"human1_lib2.final_cell_0435","AGGTGACAC-TAACCATC","alpha"
"human1_lib2.final_cell_0436","GATTAAACTG-CTTAGGTA","acinar"
"human1_lib2.final_cell_0437","CATCGCAG-CAAGTCAT","quiescent_stellate"
"human1_lib2.final_cell_0438","AATGTTGGC-TTCCGCTC","beta"
"human1_lib2.final_cell_0439","AGCACCTCT-TGCCTCAC","alpha"
"human1_lib2.final_cell_0440","GACTTACTCC-CTACTTGT","beta"
"human1_lib2.final_cell_0441","AGCCTCTTT-CTGTCTGG","ductal"
"human1_lib2.final_cell_0442","GACGAATAAT-CGCTAATA","beta"
"human1_lib2.final_cell_0443","TGAATGCATGG-CAGTCCCT","delta"
"human1_lib2.final_cell_0444","ACGGACAAC-ATGGAAAT","beta"
"human1_lib2.final_cell_0445","TGACCTGTTAT-CGATTGAT","beta"
"human1_lib2.final_cell_0446","GATCCGTCCA-TCGTCATG","beta"
"human1_lib2.final_cell_0447","GAGGCGTTAG-GTACCTTG","beta"
"human1_lib2.final_cell_0448","GAGACGATGG-GTCCAAAG","quiescent_stellate"
"human1_lib2.final_cell_0449","TGAGACAACTT-ACTAGCCA","beta"
"human1_lib2.final_cell_0450","TGAGAGGCTGA-GTTACGAT","beta"
"human1_lib2.final_cell_0451","AAGCTATGA-GTGTCGGA","schwann"
"human1_lib2.final_cell_0452","ATTGTGACT-GGGAAATC","endothelial"
"human1_lib2.final_cell_0453","GAACTGCCGT-TGTGGCTA","beta"
"human1_lib2.final_cell_0454","TGATAGAAATG-CAGACCAT","beta"
"human1_lib2.final_cell_0455","AGGGTGTAT-AACAATCC","ductal"
"human1_lib2.final_cell_0456","TCGAAGCT-ATTCCTTG","gamma"
"human1_lib2.final_cell_0457","TGAGAGGCTGA-GTCCGTAC","alpha"
"human1_lib2.final_cell_0458","CCCAAGCA-GGCGGTTT","gamma"
"human1_lib2.final_cell_0459","TGACAATACTT-TTCCGAGT","alpha"
"human1_lib2.final_cell_0460","AGCACCAC-GAAGTGCC","quiescent_stellate"
"human1_lib2.final_cell_0461","CTTCGATT-GGGTGTAT","endothelial"
"human1_lib2.final_cell_0462","TGAAAACAGGG-CTACGAGC","quiescent_stellate"
"human1_lib2.final_cell_0463","ACCCTTGGT-GGCATGCT","delta"
"human1_lib2.final_cell_0464","GCAGCATG-TGGCCTGT","beta"
"human1_lib2.final_cell_0465","AATGTTTG-GGTCCCTT","ductal"
"human1_lib2.final_cell_0466","TTATAGCC-TGCAAGGG","endothelial"
"human1_lib2.final_cell_0467","GACATCTCCC-ATCCGCTA","beta"
"human1_lib2.final_cell_0468","TGACCTGTTAT-GGTTAGTG","delta"
"human1_lib2.final_cell_0469","ACTCCGCAT-GATGTGAG","activated_stellate"
"human1_lib2.final_cell_0470","CGGCACAT-TGACCAGT","endothelial"
"human1_lib2.final_cell_0471","ATTTCCGG-TGATAACA","acinar"
"human1_lib2.final_cell_0472","AGGGAAGGT-AGCAGAAC","endothelial"
"human1_lib2.final_cell_0473","GACTCTTGAC-GCTCTAGT","delta"
"human1_lib2.final_cell_0474","GATGAGGTCT-CAATTAGT","gamma"
"human1_lib2.final_cell_0475","GACTTACTCC-AAGCTTCT","activated_stellate"
"human1_lib2.final_cell_0476","ATTAGGACC-ACCCATAT","endothelial"
"human1_lib2.final_cell_0477","GAGACAGATA-GTAACGTT","beta"
"human1_lib2.final_cell_0478","GAGCGTTGCT-CGAGTCTG","ductal"
"human1_lib2.final_cell_0479","AAAACGCCT-CACAACAG","beta"
"human1_lib2.final_cell_0480","GATGTTCCAG-CCCGACTT","beta"
"human1_lib2.final_cell_0481","TCATATGG-CTTTCTTT","alpha"
"human1_lib2.final_cell_0482","GACGAGATGT-CGTATTTC","alpha"
"human1_lib2.final_cell_0483","TGAAAACTGGT-ACATCTAT","beta"
"human1_lib2.final_cell_0484","GAACGCCATT-CTCTTGAC","ductal"
"human1_lib2.final_cell_0485","TGAAGCGTAGG-GAAGCACT","beta"
"human1_lib2.final_cell_0486","GAGGGAACCT-AATGAATG","alpha"
"human1_lib2.final_cell_0487","AAGCTTCT-CAATACTT","endothelial"
"human1_lib2.final_cell_0488","ACTAGATTG-TGACCAGT","endothelial"
"human1_lib2.final_cell_0489","TGAAGGTTGTG-CTCGCGTA","beta"
"human1_lib2.final_cell_0490","AGTATGAGT-ATGACTTT","endothelial"
"human1_lib2.final_cell_0491","TACCGGCA-ACTAGCCA","endothelial"
"human1_lib2.final_cell_0492","GTACCTTG-GCAACCTG","alpha"
"human1_lib2.final_cell_0493","ACCGCAACT-GGCTACTA","quiescent_stellate"
"human1_lib2.final_cell_0494","GATCCGTCCA-CCTGTTAT","ductal"
"human1_lib2.final_cell_0495","TGATCGTCATG-CGCCTTGA","beta"
"human1_lib2.final_cell_0496","GTAACGTT-ATCCGCTA","quiescent_stellate"
"human1_lib2.final_cell_0497","GATGAAATGA-ACCCACGA","epsilon"
"human1_lib2.final_cell_0498","GACTTACTCC-TTGTGACT","delta"
"human1_lib2.final_cell_0499","ACCCTTGGT-CGCTAATA","macrophage"
"human1_lib2.final_cell_0500","TGAGGAATAGA-TTCCGCTC","gamma"
"human1_lib2.final_cell_0501","GAGGCGTTAG-AGAGACTA","ductal"
"human1_lib2.final_cell_0502","GACGAATAAT-TTTGGGAG","alpha"
"human1_lib2.final_cell_0503","GACAGTCCCT-CTAGTAAC","beta"
"human1_lib2.final_cell_0504","GTCTCTCT-AGCACCAC","alpha"
"human1_lib2.final_cell_0505","ACTTAGGTA-GATTAGAC","endothelial"
"human1_lib2.final_cell_0506","AGAGGTGG-CACAGTTT","beta"
"human1_lib2.final_cell_0507","TACCGGCA-GTCCAAAG","gamma"
"human1_lib2.final_cell_0508","GATTAAACTG-TCTCACTT","beta"
"human1_lib2.final_cell_0509","AATATCTTC-TACTTGTG","beta"
"human1_lib2.final_cell_0510","TGACTGTTCTT-ATGAAGCA","quiescent_stellate"
"human1_lib2.final_cell_0511","TGAGGCTACTA-ATACCCAG","alpha"
"human1_lib2.final_cell_0512","AAGCTATGA-CTTACGGG","beta"
"human1_lib2.final_cell_0513","ATATGCAT-TGCCTCAC","gamma"
"human1_lib2.final_cell_0514","ACAACGTGG-GTCAATAC","alpha"
"human1_lib2.final_cell_0515","TGAGACAAAGG-GTCCATGT","alpha"
"human1_lib2.final_cell_0516","TAAATAGG-AACTTAGC","beta"
"human1_lib2.final_cell_0517","AGAACGATT-ATCTTTGT","endothelial"
"human1_lib2.final_cell_0518","AGGCCTAAG-GCTTACCT","beta"
"human1_lib2.final_cell_0519","GGTGGGAT-GGTTTCTC","quiescent_stellate"
"human1_lib2.final_cell_0520","AGTGTCGGA-CGAACGTA","endothelial"
"human1_lib2.final_cell_0521","AATTCCCA-CGCTAATA","beta"
"human1_lib2.final_cell_0522","TTTGTGTC-CACAACAG","beta"
"human1_lib2.final_cell_0523","ATTTCCGG-CGCTAATA","beta"
"human1_lib2.final_cell_0524","TTGGACTT-AAAGTCGG","beta"
"human1_lib2.final_cell_0525","GAGGGAGGTA-CAGACCAT","ductal"
"human1_lib2.final_cell_0526","TGACGGGTAGT-CGAACGTA","beta"
"human1_lib2.final_cell_0527","TGATTGTTTAC-AAATGTCG","alpha"
"human1_lib2.final_cell_0528","TGAAAACAGGG-TTGAGGGT","quiescent_stellate"
"human1_lib2.final_cell_0529","TGCCTCAC-GAAAGACC","beta"
"human1_lib2.final_cell_0530","ACTAGATTG-AAACGCCT","endothelial"
"human1_lib2.final_cell_0531","TAGCCTCG-ACTAGCCA","beta"
"human1_lib2.final_cell_0532","GACGACTCCT-CGTATTTC","ductal"
"human1_lib2.final_cell_0533","GACGACTCCT-CCCATCTG","ductal"
"human1_lib2.final_cell_0534","TGATCGACGGT-AAACTGGT","beta"
"human1_lib2.final_cell_0535","AATTCCCA-AAAGTCGG","activated_stellate"
"human1_lib2.final_cell_0536","AAAACGCCT-TAGCCTCG","beta"
"human1_lib2.final_cell_0537","TGACGAGTCTG-CAAGAGGG","ductal"
"human1_lib2.final_cell_0538","GACGTACCTA-CAGGTGTC","beta"
"human1_lib2.final_cell_0539","AAGACACCA-CTCTTGAC","endothelial"
"human1_lib2.final_cell_0540","TGACTCGATGC-GTTAACCA","beta"
"human1_lib2.final_cell_0541","AAAAGCCTA-AGACACCA","beta"
"human1_lib2.final_cell_0542","TGACTTGGTGT-TCCGTCCA","acinar"
"human1_lib2.final_cell_0543","GCATGGGT-AGCAGAAC","alpha"
"human1_lib2.final_cell_0544","TGACTGGTGCA-GTTCAACT","schwann"
"human1_lib2.final_cell_0545","CATCGCAG-AAGGTAAT","beta"
"human1_lib2.final_cell_0546","TGACGAGTCTG-GAACGATT","beta"
"human1_lib2.final_cell_0547","GACGAATAAT-GGGTTGGT","quiescent_stellate"
"human1_lib2.final_cell_0548","GATGTACACG-CTTTAATC","beta"
"human1_lib2.final_cell_0549","GATACAAACT-TTCACATA","gamma"
"human1_lib2.final_cell_0550","TGATTGTTTAC-ACACTAAG","endothelial"
"human1_lib2.final_cell_0551","TGACTGTTCTT-CAGTCCCT","beta"
"human1_lib2.final_cell_0552","GAACTAGGAT-AGGCAGTT","mast"
"human1_lib2.final_cell_0553","GATGTAGTTT-AGTTTAGA","beta"
"human1_lib2.final_cell_0554","GACCCGAATG-TTGATTCT","gamma"
"human1_lib2.final_cell_0555","AAATCAGA-CGACGTCA","quiescent_stellate"
"human1_lib2.final_cell_0556","CTTACGGG-CAGACCAT","beta"
"human1_lib2.final_cell_0557","TGACTTCGCAC-ACCACGCT","beta"
"human1_lib2.final_cell_0558","GGAAACAG-TCCGTCCA","beta"
"human1_lib2.final_cell_0559","GAACGCCATT-ATGAAGCA","endothelial"
"human1_lib2.final_cell_0560","CCCATCTG-TGCCATCG","beta"
"human1_lib2.final_cell_0561","GAAGTGATGC-TAGCCTCG","alpha"
"human1_lib2.final_cell_0562","TGAATGCATGG-AGCTATGA","quiescent_stellate"
"human1_lib2.final_cell_0563","GATGTGCTCA-CTTCGATT","activated_stellate"
"human1_lib2.final_cell_0564","TGACCATTACT-CACGGACT","beta"
"human1_lib2.final_cell_0565","GATACAAACT-TCTCACTT","alpha"
"human1_lib2.final_cell_0566","AGCTTTCCA-ATGACCGA","endothelial"
"human1_lib2.final_cell_0567","TGAGTAATCCC-GCAAGGAC","quiescent_stellate"
"human1_lib2.final_cell_0568","ACGTGGATA-TTGGATCG","endothelial"
"human1_lib2.final_cell_0569","GATAAGACGG-CCATTTGA","endothelial"
"human1_lib2.final_cell_0570","TGAAGCGTAGG-TGCAAGGG","endothelial"
"human1_lib2.final_cell_0571","TGACATACATT-TCGACACC","endothelial"
"human1_lib2.final_cell_0572","GAGGTCCCTT-AGCACCAC","ductal"
"human1_lib2.final_cell_0573","CTTACGGG-AATGTTTG","beta"
"human1_lib2.final_cell_0574","TGATTCACATA-TACCGGCA","ductal"
"human1_lib2.final_cell_0575","GAATTCCTTG-ATTCGACG","quiescent_stellate"
"human1_lib2.final_cell_0576","AGTATGAGT-CAAGTCAT","beta"
"human1_lib2.final_cell_0577","ACCATTTGA-TCCCTGAT","endothelial"
"human1_lib2.final_cell_0578","GAACGCCATT-AGCGCCTT","endothelial"
"human1_lib2.final_cell_0579","GAAGGAAGAC-TAGCCTCG","alpha"
"human1_lib2.final_cell_0580","TGACGAGTCTG-GGAATAGA","quiescent_stellate"
"human1_lib2.final_cell_0581","CGGCACAT-TAGAAATG","alpha"
"human1_lib2.final_cell_0582","GACAGTCCCT-CTAGATTG","acinar"
"human1_lib2.final_cell_0583","GTTACGAT-TTAGGACC","gamma"
"human1_lib2.final_cell_0584","TGATTGTTTAC-GTATGAGT","endothelial"
"human1_lib2.final_cell_0585","TGAGGCGGTTT-AACCCTTG","beta"
"human1_lib2.final_cell_0586","TGAGAGTTCAC-CCTGTTAT","quiescent_stellate"
"human1_lib2.final_cell_0587","TGACTAGTAAC-TACCGGCA","activated_stellate"
"human1_lib2.final_cell_0588","CAGTTTGC-CTTACGGG","beta"
"human1_lib2.final_cell_0589","TGACCTCGTCT-GGCATGCT","beta"
"human1_lib2.final_cell_0590","GATGCCATCG-CGCCTTGA","endothelial"
"human1_lib2.final_cell_0591","ACCTTGCC-GCAGCATG","alpha"
"human1_lib2.final_cell_0592","TGACTCGCGTA-CCCAAGCA","quiescent_stellate"
"human1_lib2.final_cell_0593","GAGTTAACCA-TTTATCAC","quiescent_stellate"
"human1_lib2.final_cell_0594","AACTGAGTT-CGTGCTAG","quiescent_stellate"
"human1_lib2.final_cell_0595","TGAGACAACTT-TGACCAGT","quiescent_stellate"
"human1_lib2.final_cell_0596","GAACTAGGAT-TGTAAAGG","endothelial"
"human1_lib2.final_cell_0597","AGCACCAC-GTACCTTG","beta"
"human1_lib2.final_cell_0598","TGACAACAAAT-GTTACCGC","quiescent_stellate"
"human1_lib2.final_cell_0599","GGTGGGAT-GTCAAAGA","beta"
"human1_lib2.final_cell_0600","CCCAAGCA-GTTCTGTT","quiescent_stellate"
"human1_lib2.final_cell_0601","TGAGCCGGATT-CTTACGGG","quiescent_stellate"
"human1_lib2.final_cell_0602","TGAGCCACATC-TCTGTGGT","beta"
"human1_lib2.final_cell_0603","TGACAGACCAT-TGATAACA","beta"
"human1_lib2.final_cell_0604","AGCACCAC-TGTAGTTT","beta"
"human1_lib2.final_cell_0605","TGACTGGTGCA-TAACCCGT","beta"
"human1_lib2.final_cell_0606","CCCAAGCA-GGTCCCTT","beta"
"human1_lib2.final_cell_0607","GACGAGATGT-TGACCCTC","endothelial"
"human1_lib2.final_cell_0608","TGACAACAAAT-CTACTTGT","alpha"
"human1_lib2.final_cell_0609","TGACTGGTGCA-AACCCTTG","beta"
"human1_lib2.final_cell_0610","TGAAAATGTCG-CGCTCTCA","endothelial"
"human1_lib2.final_cell_0611","GGCCCTTA-CGGCACAT","endothelial"
"human1_lib2.final_cell_0612","TGACCTCGTCT-GAAGTGCC","activated_stellate"
"human1_lib2.final_cell_0613","AACTTAGC-TACAGCCG","alpha"
"human1_lib2.final_cell_0614","GATGACCCTC-CGCTAATA","beta"
"human1_lib2.final_cell_0615","TGACCAGCAGT-CAAGTCAT","beta"
"human1_lib2.final_cell_0616","GATACAAACT-GACAACTT","acinar"
"human1_lib2.final_cell_0617","TTATCTGT-ACGCAGAG","quiescent_stellate"
"human1_lib2.final_cell_0618","GAATGGGCAC-ACCACGCT","endothelial"
"human1_lib2.final_cell_0619","AGCCTCTTT-TTTAACAG","endothelial"
"human1_lib2.final_cell_0620","TGACCTCGTCT-CCATTTGA","endothelial"
"human1_lib2.final_cell_0621","TGACAATACTT-GGAGAAGC","delta"
"human1_lib2.final_cell_0622","ATGGCCTGT-GCCTCTTT","endothelial"
"human1_lib2.final_cell_0623","TGAGGCGGTTT-AACAATCC","alpha"
"human1_lib2.final_cell_0624","CAGTTTGC-CCCTTCAG","beta"
"human1_lib2.final_cell_0625","TGACACAGTTT-CTTTCTTT","quiescent_stellate"
"human1_lib2.final_cell_0626","TGATCGACGGT-GGGAACCT","endothelial"
"human1_lib2.final_cell_0627","TGATGTCTTTC-CAGACCAT","quiescent_stellate"
"human1_lib2.final_cell_0628","TGAAAACTGGT-TAACCATC","alpha"
"human1_lib2.final_cell_0629","CAGTTTGC-GTCCGTAC","quiescent_stellate"
"human1_lib3.final_cell_0001","GATTAGAC-GGGAAGGT","acinar"
"human1_lib3.final_cell_0002","TGAGGCTACTA-GAAGGCTT","acinar"
"human1_lib3.final_cell_0003","AGGTTAGTG-TCGAAGCT","delta"
"human1_lib3.final_cell_0004","AAGAACGGG-GCAACCTG","acinar"
"human1_lib3.final_cell_0005","TGACGTAGAAG-ATATAGGA","activated_stellate"
"human1_lib3.final_cell_0006","GAGGGAGGTA-CGGAATTT","acinar"
"human1_lib3.final_cell_0007","TGACTGGTGCA-TTCACATA","acinar"
"human1_lib3.final_cell_0008","ACAGATTAC-GTCCAAAG","delta"
"human1_lib3.final_cell_0009","TGATGTTTGAG-ACGCCATT","delta"
"human1_lib3.final_cell_0010","GATAGTGTTT-CCCAAGCA","delta"
"human1_lib3.final_cell_0011","GAGGACTTCC-GACAGATA","acinar"
"human1_lib3.final_cell_0012","AGTTTACGT-GTCAATAC","beta"
"human1_lib3.final_cell_0013","GTAACGTT-TTGATCTA","activated_stellate"
"human1_lib3.final_cell_0014","AATGTTTG-AAATCGTT","delta"
"human1_lib3.final_cell_0015","ATCCGCTA-GCATGGGT","delta"
"human1_lib3.final_cell_0016","ATAGTGGAC-GGGAAGGT","delta"
"human1_lib3.final_cell_0017","AGTGGATGG-AGACACCA","delta"
"human1_lib3.final_cell_0018","GACTGTCTGG-AGGCAACG","beta"
"human1_lib3.final_cell_0019","GACACGGACT-ATGGGCAC","delta"
"human1_lib3.final_cell_0020","TTCCGCTC-GGCTACTA","acinar"
"human1_lib3.final_cell_0021","TGAAGGTTGTG-GGCTACTA","activated_stellate"
"human1_lib3.final_cell_0022","TGCAAGGG-TTGATTCT","activated_stellate"
"human1_lib3.final_cell_0023","AAAGGTAAT-CGTAGAAG","delta"
"human1_lib3.final_cell_0024","AAGAACGGG-CGTGGATA","beta"
"human1_lib3.final_cell_0025","GAGAGAATTG-CAAGAGGG","acinar"
"human1_lib3.final_cell_0026","ACCTTGCC-ATTCAGTA","delta"
"human1_lib3.final_cell_0027","ATCATGAGG-GAACGATT","beta"
"human1_lib3.final_cell_0028","TGACTGGTGCA-GTCTCTCT","delta"
"human1_lib3.final_cell_0029","TGAAGAAGTTA-CGTCAGCA","ductal"
"human1_lib3.final_cell_0030","ACAACGTGG-CTTCGATT","acinar"
"human1_lib3.final_cell_0031","ATCACGTTT-GGGAACCT","acinar"
"human1_lib3.final_cell_0032","CTTTAATC-AGTGATGC","delta"
"human1_lib3.final_cell_0033","ACTAGATTG-TCATATGG","beta"
"human1_lib3.final_cell_0034","TGACTTCTGGA-GGTGGGAT","beta"
"human1_lib3.final_cell_0035","TGAATATAGGA-CCATTTGA","beta"
"human1_lib3.final_cell_0036","TGACTCAGAAT-CCAGCAGT","delta"
"human1_lib3.final_cell_0037","ATTGGATCG-GCAGCATG","beta"
"human1_lib3.final_cell_0038","ATTGGATCG-GAGAATTG","beta"
"human1_lib3.final_cell_0039","ATTGGATCG-ATCAAGTG","beta"
"human1_lib3.final_cell_0040","GAGGCGTTAG-AGACACCA","delta"
"human1_lib3.final_cell_0041","GAAAGATTGT-TCATCCTT","delta"
"human1_lib3.final_cell_0042","AACGAAACG-CATTTGTT","delta"
"human1_lib3.final_cell_0043","AACCTGAC-CCTATTCA","acinar"
"human1_lib3.final_cell_0044","AAGTGAAAG-GGTCCCTT","ductal"
"human1_lib3.final_cell_0045","GGATAAAG-CTTCAGGT","delta"
"human1_lib3.final_cell_0046","TGAGTTCTGTT-TGTTCCAG","activated_stellate"
"human1_lib3.final_cell_0047","ATTGGATCG-TCGGTACG","beta"
"human1_lib3.final_cell_0048","GATTAGAC-ACTAGGAT","activated_stellate"
"human1_lib3.final_cell_0049","TGAAGGAGCTT-TGCGTATC","alpha"
"human1_lib3.final_cell_0050","TGACTTGGTGT-TTCACATA","delta"
"human1_lib3.final_cell_0051","TGACACAACAG-AATTCCCA","beta"
"human1_lib3.final_cell_0052","TGATTAGTCCG-AATTCCCA","beta"
"human1_lib3.final_cell_0053","GGAGAAGC-TGTACACG","beta"
"human1_lib3.final_cell_0054","TGACGTATCGG-GTTCTGTT","acinar"
"human1_lib3.final_cell_0055","TGAATGCATGG-CTTTAATC","delta"
"human1_lib3.final_cell_0056","AGGGAACGA-CGTACCTA","ductal"
"human1_lib3.final_cell_0057","AAGCTACGG-AAACTCGA","macrophage"
"human1_lib3.final_cell_0058","TGATTCGCTGG-GTCAAAGA","delta"
"human1_lib3.final_cell_0059","AGGTCACAG-GTGGAGCT","beta"
"human1_lib3.final_cell_0060","TGAGCAGGGTA-GGTCTGAC","beta"
"human1_lib3.final_cell_0061","ACGCTCTCA-AGTTTAGA","delta"
"human1_lib3.final_cell_0062","AACCTGAC-TGTGTCCT","delta"
"human1_lib3.final_cell_0063","TGATTGTTTAC-CGTATCGG","beta"
"human1_lib3.final_cell_0064","CTTTCTTT-GGTCTGAC","delta"
"human1_lib3.final_cell_0065","ACGTGGATA-ATCAAGTG","beta"
"human1_lib3.final_cell_0066","TGACTCAGAAT-GACAACTT","delta"
"human1_lib3.final_cell_0067","GATGCCATCG-CTTCTGGA","acinar"
"human1_lib3.final_cell_0068","AACTTAGC-GGGAACCT","delta"
"human1_lib3.final_cell_0069","ATTCCAGAC-AATGTTTG","beta"
"human1_lib3.final_cell_0070","TGCGTATC-TTGGCGTT","acinar"
"human1_lib3.final_cell_0071","AAATGAATG-GGGAAGGT","beta"
"human1_lib3.final_cell_0072","TGATTGTTTAC-AAATGTCG","beta"
"human1_lib3.final_cell_0073","CATCGCAG-GATGTATT","ductal"
"human1_lib3.final_cell_0074","GTAACGTT-TGGTTTCT","delta"
"human1_lib3.final_cell_0075","AGGCCTAAG-TCGGTACG","delta"
"human1_lib3.final_cell_0076","AGAGGTGG-GAGCGGTA","beta"
"human1_lib3.final_cell_0077","GAGCGTTGCT-GCAACCTG","delta"
"human1_lib3.final_cell_0078","AGTGTCGGA-AGAAGTTA","delta"
"human1_lib3.final_cell_0079","TGAGAGGCTGA-GTCCATGT","beta"
"human1_lib3.final_cell_0080","GAATGGAAAT-ATGACTTT","alpha"
"human1_lib3.final_cell_0081","ATCCGCTA-AAGCTTCT","beta"
"human1_lib3.final_cell_0082","TGAGCGCATTC-GGTCACAG","acinar"
"human1_lib3.final_cell_0083","TGAAGGATTCA-GGCGGTTT","alpha"
"human1_lib3.final_cell_0084","ATGGCCTGT-TTGAGGGT","alpha"
"human1_lib3.final_cell_0085","ACGGAATTT-TTGATCTA","beta"
"human1_lib3.final_cell_0086","TGACCAGT-GCAGTCGA","beta"
"human1_lib3.final_cell_0087","TGATTGTTTAC-TCCCTGAT","beta"
"human1_lib3.final_cell_0088","ATTCGTTCC-AAGCTTCT","beta"
"human1_lib3.final_cell_0089","ACGGAATTT-AACACACG","beta"
"human1_lib3.final_cell_0090","CGGCTTAC-AGAGACTA","beta"
"human1_lib3.final_cell_0091","CTTCAGGT-AAAGTCGG","beta"
"human1_lib3.final_cell_0092","GGAAACAG-GTTTGTTT","beta"
"human1_lib3.final_cell_0093","GCAGCATG-GTGTAACC","delta"
"human1_lib3.final_cell_0094","ACCTTGCC-GCCAAGAT","beta"
"human1_lib3.final_cell_0095","GAGCGGTA-TCGTCATG","beta"
"human1_lib3.final_cell_0096","GACGAATAAT-GCCTCTTT","delta"
"human1_lib3.final_cell_0097","ACAACGTGG-TCCAGTCC","beta"
"human1_lib3.final_cell_0098","TAGTCTAG-CTTCGCAC","beta"
"human1_lib3.final_cell_0099","GAGATCTCGG-TTCGTTCC","beta"
"human1_lib3.final_cell_0100","AATTCAGTA-GGTGGGAT","alpha"
"human1_lib3.final_cell_0101","AAGAACGGG-CGATTGAT","delta"
"human1_lib3.final_cell_0102","AAATCGGGT-GTGTCGGA","alpha"
"human1_lib3.final_cell_0103","CGTATTTC-CGTCAGCA","beta"
"human1_lib3.final_cell_0104","TGAATACCCAG-CGGACAAC","delta"
"human1_lib3.final_cell_0105","AATGTTGGC-AACAATCC","beta"
"human1_lib3.final_cell_0106","TGATTAGTCCG-CCTGTTAT","activated_stellate"
"human1_lib3.final_cell_0107","TGACTGGTGCA-TGTGTCCT","beta"
"human1_lib3.final_cell_0108","ACAGATTAC-TGTGGCTA","beta"
"human1_lib3.final_cell_0109","TGAAGCGTAGG-AGGATTCA","delta"
"human1_lib3.final_cell_0110","ACAACGTGG-ATGCATGG","delta"
"human1_lib3.final_cell_0111","TGACACAACAG-TGCTCCGT","ductal"
"human1_lib3.final_cell_0112","TGAAAATGTCG-GGCCTAAG","acinar"
"human1_lib3.final_cell_0113","TGAAGCGTAGG-AAGTAATC","acinar"
"human1_lib3.final_cell_0114","GACGAATAAT-AGAGGTGG","delta"
"human1_lib3.final_cell_0115","TAGCCTCG-CCACATTA","ductal"
"human1_lib3.final_cell_0116","TGAAACACACG-GGCGTTAG","delta"
"human1_lib3.final_cell_0117","TGATTCACATA-CGTGCTAG","beta"
"human1_lib3.final_cell_0118","TGAAAACAGGG-ATTTCCGG","ductal"
"human1_lib3.final_cell_0119","ATAGTCGCA-AGAACGGG","beta"
"human1_lib3.final_cell_0120","AGGGCCAAT-GTTCAACT","beta"
"human1_lib3.final_cell_0121","GATGAAATGA-GGGAAATC","beta"
"human1_lib3.final_cell_0122","ATATGCAT-AGGAGCTT","beta"
"human1_lib3.final_cell_0123","TGAGAAGCACT-ATTTCCGG","alpha"
"human1_lib3.final_cell_0124","AGGGTGTAT-GATCTCGG","beta"
"human1_lib3.final_cell_0125","AATTCAGTA-AAGGTAAT","beta"
"human1_lib3.final_cell_0126","GATAACCATC-ATGCATGG","beta"
"human1_lib3.final_cell_0127","TGAACATCTAT-TTATAGCC","beta"
"human1_lib3.final_cell_0128","TGACTTGGTGT-AAAGCCTA","beta"
"human1_lib3.final_cell_0129","TAGCTTAT-GTGTCGGA","alpha"
"human1_lib3.final_cell_0130","ACCATTTGA-ATACCCAG","acinar"
"human1_lib3.final_cell_0131","CTTACGGG-AAGGTAAT","beta"
"human1_lib3.final_cell_0132","TAAATAGG-CTAGATTG","beta"
"human1_lib3.final_cell_0133","GATGTAGTTT-TTCACATA","beta"
"human1_lib3.final_cell_0134","GAGGACTTCC-AGCGTAGG","beta"
"human1_lib3.final_cell_0135","TGAGGGAAATC-CTCCGCAT","delta"
"human1_lib3.final_cell_0136","GATGAGGTCT-TCACCGAG","beta"
"human1_lib3.final_cell_0137","GAGTTTCG-GAGTTCAC","beta"
"human1_lib3.final_cell_0138","ATCGGTTCG-AAAGTCGG","beta"
"human1_lib3.final_cell_0139","ACTAGATTG-AGTTTAGA","activated_stellate"
"human1_lib3.final_cell_0140","AGAGGTGG-ATTCGACG","beta"
"human1_lib3.final_cell_0141","GAGTTAACCA-TGTTCCAG","delta"
"human1_lib3.final_cell_0142","TGATGATAACA-GGAAACAG","beta"
"human1_lib3.final_cell_0143","TAACTACT-AACCTGAC","acinar"
"human1_lib3.final_cell_0144","TGAGCAAGGAC-CTTCTTCG","beta"
"human1_lib3.final_cell_0145","GGCATGCT-TTGAGGGT","beta"
"human1_lib3.final_cell_0146","ATTTCCGG-CTTCTTCG","activated_stellate"
"human1_lib3.final_cell_0147","AAATCGGGT-GCTCTAGT","alpha"
"human1_lib3.final_cell_0148","AACCTGAC-TCGACACC","beta"
"human1_lib3.final_cell_0149","TGAGGGAAATC-TGTGTCCT","beta"
"human1_lib3.final_cell_0150","GATGGTTTCT-AATGACCC","quiescent_stellate"
"human1_lib3.final_cell_0151","TCGAAGCT-GTTACGAT","activated_stellate"
"human1_lib3.final_cell_0152","GAGAATTCGT-CGATTGAT","acinar"
"human1_lib3.final_cell_0153","AATGGATTA-TGTGGCTA","beta"
"human1_lib3.final_cell_0154","TGATAGAAATG-TTCCAGAC","alpha"
"human1_lib3.final_cell_0155","AGGGCCAAT-TTGGACTT","delta"
"human1_lib3.final_cell_0156","GAAGGAAGAC-GCGCATTC","acinar"
"human1_lib3.final_cell_0157","TAGTCTAG-GCTTTGGC","beta"
"human1_lib3.final_cell_0158","GAAAGCGTAC-GGAGAAGC","beta"
"human1_lib3.final_cell_0159","GACCACATTA-AAGCTTCT","beta"
"human1_lib3.final_cell_0160","TGATGTCTTTC-GATTAGAC","beta"
"human1_lib3.final_cell_0161","TAGCTTAT-GGCGGTTT","ductal"
"human1_lib3.final_cell_0162","TGACTACCGTT-CCATTTGA","beta"
"human1_lib3.final_cell_0163","TGACTGGTGCA-CGTAGAAG","acinar"
"human1_lib3.final_cell_0164","TGACTCAGAAT-ACGCAGAG","beta"
"human1_lib3.final_cell_0165","TGATTCGCTGG-GGCGTTAG","beta"
"human1_lib3.final_cell_0166","AGTGTCGGA-CGCTAATA","beta"
"human1_lib3.final_cell_0167","ATAGTGGAC-GAAGGCTT","beta"
"human1_lib3.final_cell_0168","GATGCCATCG-AATCGGGT","beta"
"human1_lib3.final_cell_0169","GATCCGTCCA-TCATGAGG","beta"
"human1_lib3.final_cell_0170","TGAATATAGGA-TCGGTTCG","alpha"
"human1_lib3.final_cell_0171","TGATGTCTTTC-CAAGTCAT","acinar"
"human1_lib3.final_cell_0172","GACTTCTTCG-TCGTCATG","beta"
"human1_lib3.final_cell_0173","GATTGGCGTT-AACACACG","beta"
"human1_lib3.final_cell_0174","GAGCGTTGCT-GGACTTCC","alpha"
"human1_lib3.final_cell_0175","ACTAGATTG-AGAAGTTA","beta"
"human1_lib3.final_cell_0176","GAGAGAGTAT-AGCAGAAC","beta"
"human1_lib3.final_cell_0177","GACAGTCCCT-GTCGTCGT","gamma"
"human1_lib3.final_cell_0178","TGACTTCGCAC-ACCTTCTT","delta"
"human1_lib3.final_cell_0179","GACACGGACT-TTCGGCCT","macrophage"
"human1_lib3.final_cell_0180","GAGAGAATTG-CCCTTGGT","alpha"
"human1_lib3.final_cell_0181","ATCGGTTCG-TTAGGACC","delta"
"human1_lib3.final_cell_0182","TGAGGTCTGAC-CTTACTCC","beta"
"human1_lib3.final_cell_0183","ATCCGCTA-ACACTAAG","ductal"
"human1_lib3.final_cell_0184","GAAGTGATGC-AGAAGTCC","ductal"
"human1_lib3.final_cell_0185","GAGAATTCGT-CCCGACTT","alpha"
"human1_lib3.final_cell_0186","GTTACGAT-AACACACG","beta"
"human1_lib3.final_cell_0187","TGACACTTTCT-CCTGTTAT","beta"
"human1_lib3.final_cell_0188","GATAAGACGG-GTCCATGT","acinar"
"human1_lib3.final_cell_0189","TAACTACT-CCTACTAG","endothelial"
"human1_lib3.final_cell_0190","TGACTGTTCTT-GCTTTGGC","alpha"
"human1_lib3.final_cell_0191","GACTTCTTCG-CGCCTTGA","gamma"
"human1_lib3.final_cell_0192","AAGCGCCTT-AGCGCCTT","beta"
"human1_lib3.final_cell_0193","GAAGTGATGC-AGAAGTTA","quiescent_stellate"
"human1_lib3.final_cell_0194","TGACAAGTCAT-GGCGTTAG","beta"
"human1_lib3.final_cell_0195","AGGTTAGTG-CGCTCTCA","delta"
"human1_lib3.final_cell_0196","ACAACGTGG-ACGCCATT","beta"
"human1_lib3.final_cell_0197","CGGCACAT-GGAGAAGC","ductal"
"human1_lib3.final_cell_0198","ATAGTCGCA-AGGATTCA","beta"
"human1_lib3.final_cell_0199","ATCACGTTT-CCTGACAC","alpha"
"human1_lib3.final_cell_0200","GTTGCACG-TGTAGTTT","beta"
"human1_lib3.final_cell_0201","GATCCGTCCA-AGGCAGTT","delta"
"human1_lib3.final_cell_0202","ACAGATTAC-AGCACCAC","beta"
"human1_lib3.final_cell_0203","AGTCAATAC-ATATACCT","alpha"
"human1_lib3.final_cell_0204","TTAAGCGT-TCATATGG","quiescent_stellate"
"human1_lib3.final_cell_0205","AGTTTACGT-TTCGCTGG","ductal"
"human1_lib3.final_cell_0206","TGCCTCAC-AAAGTCGG","delta"
"human1_lib3.final_cell_0207","TACCGGCA-ACTGCCGT","beta"
"human1_lib3.final_cell_0208","TGAGGTCTGAC-CCGCAACT","beta"
"human1_lib3.final_cell_0209","GATGTACACG-GCTTACCT","delta"
"human1_lib3.final_cell_0210","AACGAAACG-CCACATTA","alpha"
"human1_lib3.final_cell_0211","AGGTGACAC-GCAACCTG","beta"
"human1_lib3.final_cell_0212","TGAGTAATCCC-GTGTAACC","beta"
"human1_lib3.final_cell_0213","GATGTACACG-CCCTAACC","delta"
"human1_lib3.final_cell_0214","TGAGACAAAGG-ATTGGGCC","beta"
"human1_lib3.final_cell_0215","GACTGTCTGG-ACCTTCTT","beta"
"human1_lib3.final_cell_0216","ACCCTTGGT-CGAACGTA","delta"
"human1_lib3.final_cell_0217","GATGACGGAC-CTTCTGGA","ductal"
"human1_lib3.final_cell_0218","GAGGTCCCTT-GAGGCTGA","ductal"
"human1_lib3.final_cell_0219","AAGCGCCTT-CCATTTGA","beta"
"human1_lib3.final_cell_0220","TGACTCAGAAT-TCCGTCCA","beta"
"human1_lib3.final_cell_0221","GACTCTTGAC-GAAGCACT","beta"
"human1_lib3.final_cell_0222","ACCTTGCC-CTTCTGGA","beta"
"human1_lib3.final_cell_0223","AAAGGTAAT-TAAGACGG","endothelial"
"human1_lib3.final_cell_0224","GTAACGTT-TCATCCTT","beta"
"human1_lib3.final_cell_0225","AGAGGTGG-TGCTCCGT","beta"
"human1_lib3.final_cell_0226","TGGCTACC-CGAATAAT","alpha"
"human1_lib3.final_cell_0227","ACTTCAAT-CTTCTTCG","beta"
"human1_lib3.final_cell_0228","TGACTTGGTGT-GTCAATAC","beta"
"human1_lib3.final_cell_0229","GATTGAGGGT-AACTTAGC","alpha"
"human1_lib3.final_cell_0230","GAGAAGGCTT-CGGGCTTT","beta"
"human1_lib3.final_cell_0231","TTTGTGTC-CCCATCTG","acinar"
"human1_lib3.final_cell_0232","GACAGTCCCT-GTTTGTTT","delta"
"human1_lib3.final_cell_0233","ATTGTGACT-ACCCACGA","beta"
"human1_lib3.final_cell_0234","GATTGATCTA-ACCTTCTT","beta"
"human1_lib3.final_cell_0235","TTAAGCGT-AGACACCA","ductal"
"human1_lib3.final_cell_0236","ATTTCCGG-TCGGTACG","ductal"
"human1_lib3.final_cell_0237","TGAACTAGCCA-AAAGTCGG","beta"
"human1_lib3.final_cell_0238","GGAAACAG-ATGTTGGC","alpha"
"human1_lib3.final_cell_0239","AACTGAGTT-GGCCCTTA","beta"
"human1_lib3.final_cell_0240","TACTTGTG-TCTAGCAG","beta"
"human1_lib3.final_cell_0241","AAATGAATG-AGAAGTTA","ductal"
"human1_lib3.final_cell_0242","AATGTTGGC-ATACCCAG","alpha"
"human1_lib3.final_cell_0243","CTTCGATT-TCATATGG","activated_stellate"
"human1_lib3.final_cell_0244","GCTTTGGC-GAAGCACT","beta"
"human1_lib3.final_cell_0245","ATAGTGGAC-CCGCAACT","alpha"
"human1_lib3.final_cell_0246","GATGTGCTCA-TGAAATGA","ductal"
"human1_lib3.final_cell_0247","AAAAGTCGG-TTTAACAG","delta"
"human1_lib3.final_cell_0248","AATATCTTC-CCCTAACC","alpha"
"human1_lib3.final_cell_0249","ACTAGATTG-ACATCTAT","gamma"
"human1_lib3.final_cell_0250","GATTGAGGGT-TTTGGGAG","beta"
"human1_lib3.final_cell_0251","TGCGACAG-TGTCTTTC","activated_stellate"
"human1_lib3.final_cell_0252","AAGCTACGG-GGTCACAG","ductal"
"human1_lib3.final_cell_0253","TTTGTGTC-AGAGGTGG","beta"
"human1_lib3.final_cell_0254","AACTGAGTT-GAGCGGTA","beta"
"human1_lib3.final_cell_0255","AGAGGTGG-TGTGGCTA","activated_stellate"
"human1_lib3.final_cell_0256","CTTCAGGT-TGCGACAG","beta"
"human1_lib3.final_cell_0257","TGACGGGTAGT-CCCAAGCA","delta"
"human1_lib3.final_cell_0258","ACTAGATTG-TCCAGTCC","activated_stellate"
"human1_lib3.final_cell_0259","AGCACCTCT-TGACGGAC","beta"
"human1_lib3.final_cell_0260","CGAACGTA-GATTAGAC","gamma"
"human1_lib3.final_cell_0261","GAGGGAGGTA-TTGGCGTT","beta"
"human1_lib3.final_cell_0262","TGATGTGGCTA-CGTACCTA","beta"
"human1_lib3.final_cell_0263","TGAGAGGCTGA-GAGCGGTA","beta"
"human1_lib3.final_cell_0264","TGATCGACGGT-GAGAATTG","delta"
"human1_lib3.final_cell_0265","TGATCCAGTCC-GTCATATT","beta"
"human1_lib3.final_cell_0266","GACAATTAGT-CGTAGAAG","beta"
"human1_lib3.final_cell_0267","AGTCAAAGA-GGATAAAG","alpha"
"human1_lib3.final_cell_0268","AGGGAAGGT-GCGTTGCT","beta"
"human1_lib3.final_cell_0269","TGACCAGCAGT-TGGTTTCT","alpha"
"human1_lib3.final_cell_0270","GAGAAGGCTT-AGAGACTA","epsilon"
"human1_lib3.final_cell_0271","AATGGATTA-CCTGACAC","activated_stellate"
"human1_lib3.final_cell_0272","TCATATGG-AGCTATGA","beta"
"human1_lib3.final_cell_0273","GAGAGAGTAT-ACGCTCAG","alpha"
"human1_lib3.final_cell_0274","TGAAGGATTCA-GGACTTCC","ductal"
"human1_lib3.final_cell_0275","GAGAGAATTG-GATGTGAG","alpha"
"human1_lib3.final_cell_0276","GTCTCTCT-TCTGTGGT","beta"
"human1_lib3.final_cell_0277","TGAAAATGTCG-CTTACGGG","beta"
"human1_lib3.final_cell_0278","AACTGAGTT-GCACCTCT","delta"
"human1_lib3.final_cell_0279","ATTGTGACT-TCGAAGCT","ductal"
"human1_lib3.final_cell_0280","GAGGCGTTAG-TGAGGTCT","beta"
"human1_lib3.final_cell_0281","ACCCACGA-GGTCTGAC","alpha"
"human1_lib3.final_cell_0282","TGACTTCGCAC-TGGCTACC","delta"
"human1_lib3.final_cell_0283","TGACGTAGAAG-TCATCCTT","beta"
"human1_lib3.final_cell_0284","TGAGCAAGGAC-GATCTCGG","beta"
"human1_lib3.final_cell_0285","TGACATACATT-AATTCCCA","beta"
"human1_lib3.final_cell_0286","TGAAAACTGGT-CTGTCTGG","beta"
"human1_lib3.final_cell_0287","GAATCAAGTG-TCTGTGGT","beta"
"human1_lib3.final_cell_0288","TGAGACAAAGG-CCCGACTT","activated_stellate"
"human1_lib3.final_cell_0289","GATTGGCGTT-ACGCTCAG","alpha"
"human1_lib3.final_cell_0290","TGATAGAAATG-TCGACGGT","beta"
"human1_lib3.final_cell_0291","TGACAGACCAT-AAGTAATC","ductal"
"human1_lib3.final_cell_0292","CGTATTTC-CGCTAGTC","delta"
"human1_lib3.final_cell_0293","GACCACATTA-AGCACCAC","alpha"
"human1_lib3.final_cell_0294","GAACGCCATT-GGGAAATC","alpha"
"human1_lib3.final_cell_0295","AGGGCCAAT-TGTAAAGG","beta"
"human1_lib3.final_cell_0296","TGATTCGCTGG-AACCCTTG","beta"
"human1_lib3.final_cell_0297","ATGCTCCGT-GCATGGGT","beta"
"human1_lib3.final_cell_0298","TTAAGCGT-TTAAGCGT","delta"
"human1_lib3.final_cell_0299","AGCAACCTG-ATGGGCAC","alpha"
"human1_lib3.final_cell_0300","GAGTTAACCA-CGGAATTT","beta"
"human1_lib3.final_cell_0301","TGAGCAGGGTA-ACGCAGAG","beta"
"human1_lib3.final_cell_0302","AGAGACTA-TTGGATCG","beta"
"human1_lib3.final_cell_0303","GACTTACTCC-GAATTCGT","beta"
"human1_lib3.final_cell_0304","TGATGTGGCTA-CCGCAACT","beta"
"human1_lib3.final_cell_0305","CATCGCAG-CTTTCTTT","delta"
"human1_lib3.final_cell_0306","ATAGTGGAC-AACTTAGC","beta"
"human1_lib3.final_cell_0307","ACCGTGTTT-AGCGAAGT","beta"
"human1_lib3.final_cell_0308","TACCGGCA-AGGTTGTG","beta"
"human1_lib3.final_cell_0309","GACCCGAATG-GTCGTCGT","alpha"
"human1_lib3.final_cell_0310","TGAATGACTTT-TCTGTGGT","beta"
"human1_lib3.final_cell_0311","TGATTCACATA-ACTGCCGT","gamma"
"human1_lib3.final_cell_0312","TGAAGGAGCTT-TCTGCATC","beta"
"human1_lib3.final_cell_0313","TGAACATCTAT-TCCGTCCA","activated_stellate"
"human1_lib3.final_cell_0314","GATCCGTCCA-CTCCGCAT","beta"
"human1_lib3.final_cell_0315","TCATATGG-GGTGGGAT","alpha"
"human1_lib3.final_cell_0316","AGCCTCTTT-AAAGCCTA","alpha"
"human1_lib3.final_cell_0317","AAGACACCA-AGTGATGC","beta"
"human1_lib3.final_cell_0318","GGCCCTTA-TGCGACAG","beta"
"human1_lib3.final_cell_0319","GAGGGAGGTA-TCGACGGT","delta"
"human1_lib3.final_cell_0320","TGACACTTTCT-AGCGCCTT","beta"
"human1_lib3.final_cell_0321","GCATGGGT-CTACCGTT","beta"
"human1_lib3.final_cell_0322","TGAGAGGCTGA-TTAGTCCG","beta"
"human1_lib3.final_cell_0323","TGACCTGTTAT-GAATTCGT","beta"
"human1_lib3.final_cell_0324","ATGTGTCCT-CGTGGATA","beta"
"human1_lib3.final_cell_0325","ACCTTGCC-AGCGTAGG","beta"
"human1_lib3.final_cell_0326","GAAGGAAGAC-CGTATCGG","quiescent_stellate"
"human1_lib3.final_cell_0327","ATATGCAT-GGTGGGAT","ductal"
"human1_lib3.final_cell_0328","TGGCTACC-TTGAGGGT","ductal"
"human1_lib3.final_cell_0329","AGGCCTAAG-TGTAGTTT","delta"
"human1_lib3.final_cell_0330","AAGCTATGA-TGCCATCG","alpha"
"human1_lib3.final_cell_0331","GACGTACCTA-CCTGACAC","beta"
"human1_lib3.final_cell_0332","AATGTTTG-TCGGTTTA","beta"
"human1_lib3.final_cell_0333","GTTACGAT-ACCCATAT","beta"
"human1_lib3.final_cell_0334","ACCCGACTT-GAGGCTGA","beta"
"human1_lib3.final_cell_0335","AGCACCAC-CGATTGAT","beta"
"human1_lib3.final_cell_0336","AAATGAATG-TGTAGTTT","beta"
"human1_lib3.final_cell_0337","AAAATCGTT-GACGATGG","gamma"
"human1_lib3.final_cell_0338","GAGACAGATA-CTAGATTG","beta"
"human1_lib3.final_cell_0339","GACAGTCCCT-GTATGAGT","beta"
"human1_lib3.final_cell_0340","TGACTGGTGCA-ATGAAGCA","gamma"
"human1_lib3.final_cell_0341","GATAAGACGG-GTATGAGT","alpha"
"human1_lib3.final_cell_0342","ACCCGACTT-TGTGCTCA","beta"
"human1_lib3.final_cell_0343","AAAATCGTT-ATCAGCGC","alpha"
"human1_lib3.final_cell_0344","AGGTGACAC-GACAAAGG","alpha"
"human1_lib3.final_cell_0345","AAGTGAAAG-ACGCCATT","beta"
"human1_lib3.final_cell_0346","GAACGCCATT-GTCGTCGT","delta"
"human1_lib3.final_cell_0347","TGAGACAAAGG-TCCAGGGA","beta"
"human1_lib3.final_cell_0348","TGATGATAACA-CAACGTGG","beta"
"human1_lib3.final_cell_0349","GAATTCCTTG-AGGAAGAC","beta"
"human1_lib3.final_cell_0350","GAATGGGCAC-CCCAAGCA","beta"
"human1_lib3.final_cell_0351","AATATACCT-ATGAAGCA","endothelial"
"human1_lib3.final_cell_0352","TGATCCCTGAT-TCATGAGG","beta"
"human1_lib3.final_cell_0353","TGAGGTCTGAC-TGCCATCG","quiescent_stellate"
"human1_lib3.final_cell_0354","GATCTGTGGT-ATATGCAT","beta"
"human1_lib3.final_cell_0355","ATTCCAGAC-CGGACAAC","beta"
"human1_lib3.final_cell_0356","ACACTCCTC-ATTGGGCC","alpha"
"human1_lib3.final_cell_0357","GACGTACCTA-GATCGTTT","ductal"
"human1_lib3.final_cell_0358","GATCGGTTTA-TGCTCCGT","beta"
"human1_lib3.final_cell_0359","GAGGACTTCC-ATGTTGGC","beta"
"human1_lib3.final_cell_0360","ACAACGTGG-AGCAGAAC","gamma"
"human1_lib3.final_cell_0361","TGACGTAGAAG-CTTCGCAC","alpha"
"human1_lib3.final_cell_0362","TGAGGTCTGAC-CAAGTCAT","gamma"
"human1_lib3.final_cell_0363","TGGTATGA-CTTCGATT","beta"
"human1_lib3.final_cell_0364","TGAGGTCTGAC-TTAGTCCG","beta"
"human1_lib3.final_cell_0365","TGAGTGGAGCT-TTCGCTGG","alpha"
"human1_lib3.final_cell_0366","CCGCTGTT-AAGTAATC","alpha"
"human1_lib3.final_cell_0367","GAATTCCTTG-AGGTTGTG","ductal"
"human1_lib3.final_cell_0368","ATAGTGGAC-ACTAGGAT","beta"
"human1_lib3.final_cell_0369","GATTGATCTA-ACTAGCCA","alpha"
"human1_lib3.final_cell_0370","GATAGTGTTT-GAAGGCTT","beta"
"human1_lib3.final_cell_0371","TGACTTCGCAC-TTTATCAC","delta"
"human1_lib3.final_cell_0372","TGGCTACC-GTCAAAGA","ductal"
"human1_lib3.final_cell_0373","ACGTGCTAG-TACCGGCA","beta"
"human1_lib3.final_cell_0374","GATACAAACT-GTATGAGT","beta"
"human1_lib3.final_cell_0375","GACCCGAATG-CGTCAGCA","beta"
"human1_lib3.final_cell_0376","TGCGACAG-CGGGTAGT","beta"
"human1_lib3.final_cell_0377","GAGGGAACCT-GAGCGGTA","beta"
"human1_lib3.final_cell_0378","GAAAGATTGT-CTGGTGCA","beta"
"human1_lib3.final_cell_0379","GATACCAGGC-GACAAAGG","ductal"
"human1_lib3.final_cell_0380","TGCCTCAC-GGCCCTTA","beta"
"human1_lib3.final_cell_0381","TGATGTTTGAG-AAATGTCG","alpha"
"human1_lib3.final_cell_0382","GAGAAAGACC-AATTCCCA","beta"
"human1_lib3.final_cell_0383","GATAGTGTTT-AGCACCAC","beta"
"human1_lib3.final_cell_0384","GAATTGGGCC-ATATCTTC","alpha"
"human1_lib3.final_cell_0385","TGAGTAATCCC-AAAGCCTA","acinar"
"human1_lib3.final_cell_0386","AAATCAGA-GATCGTTT","acinar"
"human1_lib3.final_cell_0387","GTAACGTT-CGTAGAAG","beta"
"human1_lib3.final_cell_0388","AGATGTATT-TCTGCATC","beta"
"human1_lib3.final_cell_0389","TGAATGACTTT-ATATGCAT","beta"
"human1_lib3.final_cell_0390","GAGGGAGGTA-TTGGATCG","alpha"
"human1_lib3.final_cell_0391","GATCGGTTTA-CTACCGTT","alpha"
"human1_lib3.final_cell_0392","TGATTCGCTGG-GTTTGTTT","alpha"
"human1_lib3.final_cell_0393","ATCCGCTA-GCACCTCT","alpha"
"human1_lib3.final_cell_0394","GATAGTGTTT-ATATCTTC","beta"
"human1_lib3.final_cell_0395","TGAGACAAAGG-CCGTGTTT","alpha"
"human1_lib3.final_cell_0396","AACCCATAT-TCTAGCAG","beta"
"human1_lib3.final_cell_0397","GACCACATTA-ATTTCCGG","alpha"
"human1_lib3.final_cell_0398","GACTCTTGAC-ATGCATGG","beta"
"human1_lib3.final_cell_0399","AGATGTATT-TCATGAGG","beta"
"human1_lib3.final_cell_0400","GTGTAACC-AAACGCCT","beta"
"human1_lib3.final_cell_0401","GTAACGTT-GTCTCTCT","alpha"
"human1_lib3.final_cell_0402","ACTCCGCAT-GAGGCTGA","delta"
"human1_lib3.final_cell_0403","TGATGTGGCTA-CTTCTTCG","alpha"
"human1_lib3.final_cell_0404","TGATCGACACC-TGCGACAG","beta"
"human1_lib3.final_cell_0405","TGAGCCACATC-TCCCTGAT","beta"
"human1_lib3.final_cell_0406","TGAGCCGGATT-CAGTTTGC","beta"
"human1_lib3.final_cell_0407","GAACAGCGGA-ACTCACCG","alpha"
"human1_lib3.final_cell_0408","AGGGCCAAT-TGAAATGA","gamma"
"human1_lib3.final_cell_0409","ACGTATAC-GGCGGTTT","acinar"
"human1_lib3.final_cell_0410","TGAGAGGCTGA-TGTGCTCA","beta"
"human1_lib3.final_cell_0411","ATTAGGACC-AAGCTTCT","ductal"
"human1_lib3.final_cell_0412","TGACGAGTCTG-CCCGAATG","delta"
"human1_lib3.final_cell_0413","GAGGCGTTAG-TAAGACGG","beta"
"human1_lib3.final_cell_0414","CTTCAGGT-CGGCTTAC","ductal"
"human1_lib3.final_cell_0415","AATTCCCA-ATACCCAG","gamma"
"human1_lib3.final_cell_0416","TGAGTAATCCC-AACTTAGC","beta"
"human1_lib3.final_cell_0417","GAATGGAAAT-CCTCGTCT","quiescent_stellate"
"human1_lib3.final_cell_0418","GGAGAAGC-ATGGGCAC","ductal"
"human1_lib3.final_cell_0419","GGTGGGAT-TGGCTACC","delta"
"human1_lib3.final_cell_0420","GAGTTGTCAT-CCCGACTT","gamma"
"human1_lib3.final_cell_0421","TGACACTTTCT-CCCATCTG","beta"
"human1_lib3.final_cell_0422","GACGTACCTA-CCCTAACC","beta"
"human1_lib3.final_cell_0423","GTCTCTCT-GTCAAAGA","beta"
"human1_lib3.final_cell_0424","GAACGCCATT-TCGAAGCT","gamma"
"human1_lib3.final_cell_0425","GATACCAGGC-GAACGATT","ductal"
"human1_lib3.final_cell_0426","TGACATACATT-AGCTACGG","alpha"
"human1_lib3.final_cell_0427","ATTGGATCG-GGAGAAGC","acinar"
"human1_lib3.final_cell_0428","TTCCGCTC-CAAGTCAT","ductal"
"human1_lib3.final_cell_0429","GAATCAAGTG-CGTCAGCA","endothelial"
"human1_lib3.final_cell_0430","GAGAAGGCTT-TTCACATA","alpha"
"human1_lib3.final_cell_0431","ACGTGGATA-GACGATGG","endothelial"
"human1_lib3.final_cell_0432","GCTTACCT-CTCCGCAT","beta"
"human1_lib3.final_cell_0433","GATCTGTGGT-CTCCGCAT","beta"
"human1_lib3.final_cell_0434","TGATTCACATA-GTCCATGT","beta"
"human1_lib3.final_cell_0435","AGAAGTCC-GTGGATGG","beta"
"human1_lib3.final_cell_0436","AGGTCACAG-GTCAATAC","alpha"
"human1_lib3.final_cell_0437","GGAAACAG-TTGTTTAC","beta"
"human1_lib3.final_cell_0438","ATATGCAT-GCAGTCGA","ductal"
"human1_lib3.final_cell_0439","GACACGGACT-TCTGTGGT","ductal"
"human1_lib3.final_cell_0440","GAACTGCCGT-ATATACCT","beta"
"human1_lib3.final_cell_0441","GTGTAACC-CACAAGGC","beta"
"human1_lib3.final_cell_0442","AACCCATAT-GCTCTAGT","gamma"
"human1_lib3.final_cell_0443","GAGGACTTCC-TACCAGGC","beta"
"human1_lib3.final_cell_0444","AAGCTATGA-CCCATAGC","quiescent_stellate"
"human1_lib3.final_cell_0445","AGCTTTCCA-CTCGCGTA","ductal"
"human1_lib3.final_cell_0446","TGACTTCGCAC-TGGTTTCT","beta"
"human1_lib3.final_cell_0447","ACTTCAAT-GAGTTCAC","acinar"
"human1_lib3.final_cell_0448","GAATTCCTTG-AGTTTAGA","ductal"
"human1_lib3.final_cell_0449","CGCTAATA-CCACATTA","endothelial"
"human1_lib3.final_cell_0450","GCAGTCGA-GTTACCGC","acinar"
"human1_lib3.final_cell_0451","GACGAGATGT-TGATAACA","gamma"
"human1_lib3.final_cell_0452","TGAATATAGGA-CGGCACAT","beta"
"human1_lib3.final_cell_0453","GATCTGTGGT-TCGGTTCG","beta"
"human1_lib3.final_cell_0454","AGGGAAGGT-TGTGGCTA","quiescent_stellate"
"human1_lib3.final_cell_0455","AAGCGAAGT-GGAATAGA","beta"
"human1_lib3.final_cell_0456","AAAACGCCT-AAACTCGA","beta"
"human1_lib3.final_cell_0457","TCCAGGGA-AATCGGGT","epsilon"
"human1_lib3.final_cell_0458","TGACCTCGTCT-ACTTCAAT","beta"
"human1_lib3.final_cell_0459","TGACTAGTAAC-TTCGCTGG","alpha"
"human1_lib3.final_cell_0460","TGCCTCAC-GGCATGCT","alpha"
"human1_lib3.final_cell_0461","AAGCGAAGT-GAGCCCAT","delta"
"human1_lib3.final_cell_0462","TGATTGTCGCC-TTCGGCCT","beta"
"human1_lib3.final_cell_0463","ATTCCAGAC-AGAAGTTA","epsilon"
"human1_lib3.final_cell_0464","GAAAGCGTAC-ACGGTAGC","beta"
"human1_lib3.final_cell_0465","AAAAGCCTA-TGCTATTT","alpha"
"human1_lib3.final_cell_0466","GACCACATTA-GTTTGTTT","beta"
"human1_lib3.final_cell_0467","TTCGGCCT-AAATCAGA","beta"
"human1_lib3.final_cell_0468","GAAGGCAGTT-GGTGGGAT","gamma"
"human1_lib3.final_cell_0469","TGAGCCACATC-TACAAACT","acinar"
"human1_lib3.final_cell_0470","GACCTGACAC-CCTCGTCT","beta"
"human1_lib3.final_cell_0471","TGAGAGGCTGA-CTTAGGTA","alpha"
"human1_lib3.final_cell_0472","TGATCGACACC-CCAGCAGT","beta"
"human1_lib3.final_cell_0473","GGGTTGGT-TTGATCTA","alpha"
"human1_lib3.final_cell_0474","GCAGCATG-TCGACACC","ductal"
"human1_lib3.final_cell_0475","TGAACATCTAT-ACGCTCAG","alpha"
"human1_lib3.final_cell_0476","GCTTACCT-CGTGGATA","beta"
"human1_lib3.final_cell_0477","GCTTTGGC-GCACCTCT","beta"
"human1_lib3.final_cell_0478","AGCACCTCT-ATATAGGA","gamma"
"human1_lib3.final_cell_0479","TGACTAGTAAC-TGTGCTCA","beta"
"human1_lib3.final_cell_0480","GATGACCCTC-CAGATTAC","beta"
"human1_lib3.final_cell_0481","GAGATTGCGA-GAGTTCAC","delta"
"human1_lib3.final_cell_0482","GATGTTCCAG-TTCCGCTC","delta"
"human1_lib3.final_cell_0483","TGACACAGTTT-TCATATGG","delta"
"human1_lib3.final_cell_0484","GAGGCGTTAG-TCTGTGGT","quiescent_stellate"
"human1_lib3.final_cell_0485","GAGAAAGACC-CGAACGTA","beta"
"human1_lib3.final_cell_0486","ACACTCCTC-TAGTGTTT","beta"
"human1_lib3.final_cell_0487","TGATTGTTTAC-GGGCCAAT","alpha"
"human1_lib3.final_cell_0488","CCCATCTG-GAAGGCTT","beta"
"human1_lib3.final_cell_0489","TGACCAGT-GCCAAGAT","alpha"
"human1_lib3.final_cell_0490","ATCGGTTCG-AAATCGTT","alpha"
"human1_lib3.final_cell_0491","GATGAAATGA-TCGACACC","beta"
"human1_lib3.final_cell_0492","GAGACAGATA-GATCTCGG","beta"
"human1_lib3.final_cell_0493","AAATCGGGT-GAGCCCAT","beta"
"human1_lib3.final_cell_0494","AGGGCCAAT-AGAAGTTA","alpha"
"human1_lib3.final_cell_0495","TTAAGCGT-GACAAAGG","beta"
"human1_lib3.final_cell_0496","TGACGAGTCTG-GATGTATT","beta"
"human1_lib3.final_cell_0497","AGAGACTA-AGGTTGTG","quiescent_stellate"
"human1_lib3.final_cell_0498","CCCAAGCA-TGTACACG","alpha"
"human1_lib3.final_cell_0499","TGATCGACGGT-CTCCGCAT","endothelial"
"human1_lib3.final_cell_0500","GACGTCAGCA-TTGATTCT","gamma"
"human1_lib3.final_cell_0501","AATATACCT-CAGGTGTC","beta"
"human1_lib3.final_cell_0502","CGTATTTC-TGTTTGAG","beta"
"human1_lib3.final_cell_0503","TGAAGAAGTTA-TCGGTTTA","quiescent_stellate"
"human1_lib3.final_cell_0504","GACCACATTA-GGTTTCTC","beta"
"human1_lib3.final_cell_0505","ACGCTCTCA-TCGTCATG","alpha"
"human1_lib3.final_cell_0506","ATGGCCTGT-CGAGTCTG","delta"
"human1_lib3.final_cell_0507","TGACAATACTT-TGTGTCCT","beta"
"human1_lib3.final_cell_0508","TGAGACAACTT-GAATACGC","acinar"
"human1_lib3.final_cell_0509","ACCCACGA-AAATGTCG","beta"
"human1_lib3.final_cell_0510","AGGCAACG-TGAGGTCT","endothelial"
"human1_lib3.final_cell_0511","AGGTTAGTG-ATACCCAG","endothelial"
"human1_lib3.final_cell_0512","GAGTTAACCA-TTGTCGCC","beta"
"human1_lib3.final_cell_0513","ATATGCAT-CTGCGTTG","beta"
"human1_lib3.final_cell_0514","CATCGCAG-TTATCTGT","alpha"
"human1_lib3.final_cell_0515","GAGTTGTCAT-GAATTCGT","beta"
"human1_lib3.final_cell_0516","AAAAGTCGG-TCACGTTT","mast"
"human1_lib3.final_cell_0517","GAACCACGCT-TCACGTTT","beta"
"human1_lib3.final_cell_0518","GTTACGAT-CGGGTAGT","alpha"
"human1_lib3.final_cell_0519","AGGGCCAAT-TGGTATGA","endothelial"
"human1_lib3.final_cell_0520","TGATTCGCTGG-TTCCAGAC","beta"
"human1_lib3.final_cell_0521","ACCCGACTT-GCCTCTTT","beta"
"human1_lib3.final_cell_0522","TGAGACAACTT-TCTCAACC","beta"
"human1_lib3.final_cell_0523","TGAAGCGCGAT-TCATATGG","endothelial"
"human1_lib3.final_cell_0524","ATAGTGGAC-TGGTTTCT","alpha"
"human1_lib3.final_cell_0525","TGACCTGTTAT-CCCGACTT","beta"
"human1_lib3.final_cell_0526","GAACTAGGAT-GAACGATT","beta"
"human1_lib3.final_cell_0527","ACTCCGCAT-TTCACATA","beta"
"human1_lib3.final_cell_0528","GATGACCCTC-CCGCAACT","beta"
"human1_lib3.final_cell_0529","ACGTATAC-GTTGCACG","alpha"
"human1_lib3.final_cell_0530","ACGTGCTAG-AGCGAAGT","mast"
"human1_lib3.final_cell_0531","GATCTGTGGT-GACAGATA","beta"
"human1_lib3.final_cell_0532","TTTGTGTC-CGTGGATA","epsilon"
"human1_lib3.final_cell_0533","ATCCGCTA-ACCCATAT","endothelial"
"human1_lib3.final_cell_0534","AATACTCTT-GGGAAATC","quiescent_stellate"
"human1_lib3.final_cell_0535","ATCTGCATC-GTTGCACG","alpha"
"human1_lib3.final_cell_0536","TAGCCTCG-CTTTCTTT","alpha"
"human1_lib3.final_cell_0537","GATTAGAC-ATGACCGA","beta"
"human1_lib3.final_cell_0538","TGAGAAGCACT-TTAGGACC","beta"
"human1_lib3.final_cell_0539","TGAATGCATGG-AAACGCCT","acinar"
"human1_lib3.final_cell_0540","TTGCATAT-GCCAAGAT","delta"
"human1_lib3.final_cell_0541","TGACACAACAG-GAGGCTGA","acinar"
"human1_lib3.final_cell_0542","AACTCACCG-AACACACG","beta"
"human1_lib3.final_cell_0543","CTTTAATC-CCCATCTG","beta"
"human1_lib3.final_cell_0544","GATTGATCTA-GTTCAACT","endothelial"
"human1_lib3.final_cell_0545","AAGCTATGA-AACCCTTG","beta"
"human1_lib3.final_cell_0546","GACAAGAGGG-CACTTTCT","macrophage"
"human1_lib3.final_cell_0547","GATTAGAC-AGGAAGAC","acinar"
"human1_lib3.final_cell_0548","GAGGGAACCT-CCCATCTG","quiescent_stellate"
"human1_lib3.final_cell_0549","GTAACGTT-CTGAGTGC","beta"
"human1_lib3.final_cell_0550","ATTGTGACT-CGCTAATA","beta"
"human1_lib3.final_cell_0551","GAACTAGGAT-CAGTTTGC","beta"
"human1_lib3.final_cell_0552","TGCCTCAC-AGCGAAGT","endothelial"
"human1_lib3.final_cell_0553","GCATGGGT-AAACTGGT","beta"
"human1_lib3.final_cell_0554","TGACGAGTCTG-GAAAGACC","beta"
"human1_lib3.final_cell_0555","GATCTCAACC-TTTACCCT","ductal"
"human1_lib3.final_cell_0556","CAGTTTGC-GTTCTGTT","beta"
"human1_lib3.final_cell_0557","AGTCAAAGA-CGAGATGT","beta"
"human1_lib3.final_cell_0558","ATAGTCGCA-AGGAGCTT","quiescent_stellate"
"human1_lib3.final_cell_0559","ACTCCGCAT-AGGATTCA","beta"
"human1_lib3.final_cell_0560","GACATCTCCC-ATCAAGTG","acinar"
"human1_lib3.final_cell_0561","AAGACACCA-ACTAGCCA","beta"
"human1_lib3.final_cell_0562","ATCTAGCAG-GGGAACCT","delta"
"human1_lib3.final_cell_0563","GAATGGGCAC-GATGTATT","beta"
"human1_lib3.final_cell_0564","GAGAAAGACC-TACAGCCG","beta"
"human1_lib3.final_cell_0565","TGCTATTT-ACGCCATT","beta"
"human1_lib3.final_cell_0566","GAGGTCCCTT-CCACATTA","beta"
"human1_lib3.final_cell_0567","GAAGGCAGTT-TTCGGCCT","quiescent_stellate"
"human1_lib3.final_cell_0568","TGAACATCTAT-AATGAATG","alpha"
"human1_lib3.final_cell_0569","AATTCAGTA-ATCCGCTA","endothelial"
"human1_lib3.final_cell_0570","TGATCCCTGAT-CTCGATGC","beta"
"human1_lib3.final_cell_0571","TTTGTGTC-GCAGGGTA","delta"
"human1_lib3.final_cell_0572","GATGTTCCAG-GTTGTCAT","gamma"
"human1_lib3.final_cell_0573","AACTTAGC-AGTTTAGA","beta"
"human1_lib3.final_cell_0574","GATACCAGGC-GGGTTGGT","quiescent_stellate"
"human1_lib3.final_cell_0575","ACTTCAAT-GAATTCGT","endothelial"
"human1_lib3.final_cell_0576","TGCCTCAC-CAGTCCCT","alpha"
"human1_lib3.final_cell_0577","GAGAGAATTG-ATTCAGTA","beta"
"human1_lib3.final_cell_0578","GATCTGTGGT-TTGAGGGT","ductal"
"human1_lib3.final_cell_0579","TGACGAGTCTG-TCGACACC","beta"
"human1_lib3.final_cell_0580","TGACGTATCGG-ACGTATAC","beta"
"human1_lib3.final_cell_0581","GAGAAGGCTT-GTCATATT","beta"
"human1_lib3.final_cell_0582","AAAATCGTT-TGGCTACC","quiescent_stellate"
"human1_lib3.final_cell_0583","TGATAACCCGT-TAACCCGT","beta"
"human1_lib3.final_cell_0584","TTGGACTT-CAAGAGGG","epsilon"
"human1_lib3.final_cell_0585","TGACAATACTT-CTAGATTG","beta"
"human1_lib3.final_cell_0586","GTTACGAT-CTCCGCAT","beta"
"human1_lib3.final_cell_0587","TGACTGTTCTT-GTAACGTT","alpha"
"human1_lib3.final_cell_0588","TGATGATAACA-ACGCTCAG","beta"
"human1_lib3.final_cell_0589","ACCTTCTT-GCCAAGAT","endothelial"
"human1_lib3.final_cell_0590","TGCTATTT-GTTACGAT","endothelial"
"human1_lib3.final_cell_0591","TGACCTGTTAT-AGCGAAGT","quiescent_stellate"
"human1_lib3.final_cell_0592","CGTATTTC-TCCCGTAG","beta"
"human1_lib3.final_cell_0593","CGTATTTC-CATTTGTT","beta"
"human1_lib3.final_cell_0594","GAATGGAAAT-CCAGCAGT","epsilon"
"human1_lib3.final_cell_0595","AGAGGTGG-TGTTTGAG","quiescent_stellate"
"human1_lib3.final_cell_0596","GCATGGGT-ACACTAAG","beta"
"human1_lib3.final_cell_0597","CGACGTCA-GTAATCCC","mast"
"human1_lib3.final_cell_0598","GTTTGTTT-GGGCCAAT","ductal"
"human1_lib3.final_cell_0599","GAGTTTCG-CGTAGAAG","alpha"
"human1_lib3.final_cell_0600","GATCTGTGGT-TAACCATC","acinar"
"human1_lib3.final_cell_0601","GATCTGTGGT-AACAATCC","acinar"
"human1_lib3.final_cell_0602","TGATTCGCTGG-TCTGTGGT","endothelial"
"human1_lib3.final_cell_0603","TGCAAGGG-GGGCCAAT","ductal"
"human1_lib3.final_cell_0604","TGAGACAACTT-GGTTTCTC","endothelial"
"human1_lib3.final_cell_0605","TGAGAGGCTGA-TTCCGCTC","alpha"
"human1_lib3.final_cell_0606","GATTAGAC-AGCTACGG","delta"
"human1_lib3.final_cell_0607","GATCTGTGGT-GACAAAGG","beta"
"human1_lib3.final_cell_0608","AAAACCTCC-AATGTTTG","beta"
"human1_lib3.final_cell_0609","CAGTTTGC-GGTCACAG","beta"
"human1_lib3.final_cell_0610","GATCTGTGGT-TGTAAAGG","ductal"
"human1_lib3.final_cell_0611","TAAATAGG-CGACTCCT","quiescent_stellate"
"human1_lib3.final_cell_0612","GACTCTTGAC-AAATCAGA","beta"
"human1_lib3.final_cell_0613","GAGTTGTCAT-CACAGTTT","macrophage"
"human1_lib3.final_cell_0614","AACCTGAC-AAACCTCC","delta"
"human1_lib3.final_cell_0615","TGAAAACTGGT-GGAGAAGC","endothelial"
"human1_lib3.final_cell_0616","ATGGCCTGT-CAGTTTGC","alpha"
"human1_lib3.final_cell_0617","CTTCGATT-TATTGCCT","beta"
"human1_lib3.final_cell_0618","TGACACAACAG-GTCATATT","endothelial"
"human1_lib3.final_cell_0619","AAGCTTCT-GCAGCATG","beta"
"human1_lib3.final_cell_0620","GACGTCAGCA-GTACCTTG","beta"
"human1_lib3.final_cell_0621","TGAATGCATGG-AGCTACGG","endothelial"
"human1_lib3.final_cell_0622","GAATTCCTTG-ATATACCT","delta"
"human1_lib3.final_cell_0623","TGAGCCACATC-AGAGACTA","acinar"
"human1_lib3.final_cell_0624","GGAGAAGC-TGCCTCAC","acinar"
"human1_lib3.final_cell_0625","GACCCGAATG-CCCTTGGT","endothelial"
"human1_lib3.final_cell_0626","AACTGAGTT-AGCAGAAC","beta"
"human1_lib3.final_cell_0627","GAATCAAGTG-TCTGCATC","endothelial"
"human1_lib3.final_cell_0628","AGCTTTCCA-GCAGTCGA","acinar"
"human1_lib3.final_cell_0629","GAAAGCGTAC-GATGTGAG","beta"
"human1_lib3.final_cell_0630","TGACGAGTCTG-CAGATTAC","delta"
"human1_lib3.final_cell_0631","TGACTAGTAAC-GAGCCCAT","quiescent_stellate"
"human1_lib3.final_cell_0632","TGAGACAACTT-CCATTACT","quiescent_stellate"
"human1_lib3.final_cell_0633","AAGCTACGG-CGTGGATA","beta"
"human1_lib3.final_cell_0634","TGATAACCCGT-TGCTCCGT","beta"
"human1_lib3.final_cell_0635","TGAAGGAGCTT-CAATTAGT","quiescent_stellate"
"human1_lib3.final_cell_0636","CGGCACAT-GAGTTCAC","alpha"
"human1_lib3.final_cell_0637","TGACCAGCAGT-ATCCCACG","quiescent_stellate"
"human1_lib3.final_cell_0638","TTATAGCC-AGCTATGA","quiescent_stellate"
"human1_lib3.final_cell_0639","GAGAGAGTAT-AAATCGTT","beta"
"human1_lib3.final_cell_0640","AGGGTGTAT-AAGGTAAT","quiescent_stellate"
"human1_lib3.final_cell_0641","GAGATTGCGA-AAACTGGT","schwann"
"human1_lib3.final_cell_0642","AATGTTGGC-ATGGGCAC","beta"
"human1_lib3.final_cell_0643","CTTCAGGT-TCGGTTTA","beta"
"human1_lib3.final_cell_0644","GATGTGCTCA-TTGATCTA","beta"
"human1_lib3.final_cell_0645","GACATCTCCC-GCCGGATT","beta"
"human1_lib3.final_cell_0646","GAGGACTTCC-ACCACGCT","beta"
"human1_lib3.final_cell_0647","GATGAAATGA-AACCCTTG","beta"
"human1_lib3.final_cell_0648","TGAAGCGTAGG-AATCGGGT","beta"
"human1_lib3.final_cell_0649","GATTGAGGGT-CTGCGTTG","endothelial"
"human1_lib3.final_cell_0650","AATACTCTT-TTAGTCCG","ductal"
"human1_lib3.final_cell_0651","GACCCATAGC-GCTTACCT","beta"
"human1_lib3.final_cell_0652","TGAGGTCTGAC-ATGCATGG","beta"
"human1_lib3.final_cell_0653","ACAACGTGG-CGTCAGCA","beta"
"human1_lib3.final_cell_0654","TGATTGTTTAC-ACGCTCAG","beta"
"human1_lib3.final_cell_0655","TGATGTCTTTC-TACCAGGC","alpha"
"human1_lib3.final_cell_0656","TCATCCTT-CGGCTTAC","quiescent_stellate"
"human1_lib3.final_cell_0657","AACCCATAT-ATGCGGAT","quiescent_stellate"
"human1_lib3.final_cell_0658","CTTCGATT-AAAGCCTA","beta"
"human1_lib3.final_cell_0659","ACTGAGTGC-GGGAAATC","beta"
"human1_lib3.final_cell_0660","TGATGTCTTTC-ACCACGCT","alpha"
"human1_lib3.final_cell_0661","AGTGTCGGA-TACGTGCT","ductal"
"human1_lib3.final_cell_0662","TGAGACAAAGG-TCGAAGCT","quiescent_stellate"
"human1_lib3.final_cell_0663","ACCCTAACC-TCTGTGGT","beta"
"human1_lib3.final_cell_0664","GAATTGGGCC-TCTAGCAG","endothelial"
"human1_lib3.final_cell_0665","TTATAGCC-ACTTCAAT","delta"
"human1_lib3.final_cell_0666","TGAGGCGGTTT-ACGAAACG","beta"
"human1_lib3.final_cell_0667","GATCTCACTT-ATACTCTT","beta"
"human1_lib3.final_cell_0668","TGACTTCGCAC-TAAGACGG","alpha"
"human1_lib3.final_cell_0669","TGGTATGA-ATGTTGGC","beta"
"human1_lib3.final_cell_0670","AAGACACCA-ACAGCGGA","beta"
"human1_lib3.final_cell_0671","ATAGTCGCA-CAGTCCCT","endothelial"
"human1_lib3.final_cell_0672","TGAAGGATTCA-TGACCCTC","beta"
"human1_lib3.final_cell_0673","AATATACCT-CTGGTGCA","endothelial"
"human1_lib3.final_cell_0674","CAGTTTGC-AGAAGTCC","alpha"
"human1_lib3.final_cell_0675","AGCAGAAC-TCGTCATG","quiescent_stellate"
"human1_lib3.final_cell_0676","GTAACGTT-CTAGTAAC","endothelial"
"human1_lib3.final_cell_0677","TGACAACAAAT-CTACTTGT","alpha"
"human1_lib3.final_cell_0678","ACTTCAAT-AGGCAGTT","alpha"
"human1_lib3.final_cell_0679","GATGTAAAGG-TAGCCTCG","ductal"
"human1_lib3.final_cell_0680","AAGTGAAAG-TAGTGGAC","quiescent_stellate"
"human1_lib3.final_cell_0681","GACCTACTAG-GGCCTAAG","endothelial"
"human1_lib3.final_cell_0682","TGAGACAACTT-CAGACCAT","beta"
"human1_lib3.final_cell_0683","TTATCTGT-AGAAGTCC","gamma"
"human1_lib3.final_cell_0684","GGTGGGAT-CTTAGGTA","epsilon"
"human1_lib3.final_cell_0685","TGACGAGTCTG-AGTTTAGA","activated_stellate"
"human1_lib3.final_cell_0686","TGATCCCTGAT-CCTATTCA","alpha"
"human1_lib3.final_cell_0687","TGAAGGAGCTT-GGGCCAAT","activated_stellate"
"human1_lib3.final_cell_0688","GATCGTTT-CCATTTGA","beta"
"human1_lib3.final_cell_0689","ATAGTCGCA-AGGCAGTT","beta"
"human1_lib3.final_cell_0690","ACCATTTGA-TCCCTGAT","mast"
"human1_lib3.final_cell_0691","TGACGAGTCTG-TAGTCTAG","activated_stellate"
"human1_lib3.final_cell_0692","TGACCAGT-TCACCGAG","epsilon"
"human1_lib3.final_cell_0693","ACACTCCTC-AGTTTAGA","quiescent_stellate"
"human1_lib3.final_cell_0694","GATTGATCTA-TGATAACA","endothelial"
"human1_lib3.final_cell_0695","GATGTAGTTT-GCAGTCGA","gamma"
"human1_lib3.final_cell_0696","AAAACGCCT-AATGTTTG","beta"
"human1_lib3.final_cell_0697","AGTATGAGT-AGCGCGAT","quiescent_stellate"
"human1_lib3.final_cell_0698","TGACTTGGTGT-ACTGCCGT","quiescent_stellate"
"human1_lib3.final_cell_0699","TGATCGACACC-TAGTGGAC","alpha"
"human1_lib3.final_cell_0700","AACCCATAT-CCATTTGA","beta"
"human1_lib3.final_cell_0701","TGAAACACACG-CATCGCAG","beta"
"human1_lib3.final_cell_0702","AAAGTAATC-TCTCAACC","beta"
"human1_lib3.final_cell_0703","GAATTCCTTG-TAACTACT","beta"
"human1_lib3.final_cell_0704","ACAGATTAC-GCCACATC","t_cell"
"human1_lib3.final_cell_0705","GGATAAAG-TCGAAGCT","beta"
"human1_lib3.final_cell_0706","TCGAAGCT-CTTAGGTA","beta"
"human1_lib3.final_cell_0707","ACCTTCTT-GGGAAATC","beta"
"human1_lib3.final_cell_0708","TGACTTCGCAC-ATGACCGA","alpha"
"human1_lib3.final_cell_0709","AGCACCTCT-GGGTTGGT","beta"
"human1_lib3.final_cell_0710","GACATCTCCC-CGGCACAT","endothelial"
"human1_lib3.final_cell_0711","TGAGCCACATC-GTTACGAT","endothelial"
"human1_lib3.final_cell_0712","TGAAGAAGTTA-CCCTTCAG","mast"
"human1_lib3.final_cell_0713","GAAGTTTAGA-ACCCACGA","beta"
"human1_lib3.final_cell_0714","ATAGTCGCA-GTTGCACG","quiescent_stellate"
"human1_lib3.final_cell_0715","AATACTCTT-TTGGATCG","beta"
"human1_lib3.final_cell_0716","TGACACTTTCT-AGCAGAAC","beta"
"human1_lib3.final_cell_0717","TGATAACCCGT-AACCCTTG","beta"
"human1_lib3.final_cell_0718","TGATTGTCGCC-ACCTTGCC","beta"
"human1_lib3.final_cell_0719","TTAAGCGT-AGGATTCA","beta"
"human1_lib3.final_cell_0720","TGACTAGTAAC-CGGACAAC","endothelial"
"human1_lib3.final_cell_0721","CATCGCAG-GTCTCTCT","t_cell"
"human1_lib3.final_cell_0722","GATGTAAAGG-TGCCTCAC","ductal"
"human1_lib3.final_cell_0723","TGAACATCTAT-CCCTTCAG","quiescent_stellate"
"human1_lib3.final_cell_0724","AGTTTACGT-TGCTCCGT","beta"
"human1_lib3.final_cell_0725","GAAAGCGTAC-CGTCAGCA","beta"
"human1_lib3.final_cell_0726","TGAGGGAAATC-AAAGCCTA","quiescent_stellate"
"human1_lib3.final_cell_0727","AACTTAGC-TACTTGTG","quiescent_stellate"
"human1_lib3.final_cell_0728","GATGTGCTCA-TGCCTCAC","quiescent_stellate"
"human1_lib3.final_cell_0729","CCAACCGT-CACAGTTT","beta"
"human1_lib3.final_cell_0730","TGATCCAGTCC-TAACCATC","beta"
"human1_lib3.final_cell_0731","GAGAGCCCAT-TGAAATGA","alpha"
"human1_lib3.final_cell_0732","ATTCCAGAC-GGTCTGAC","beta"
"human1_lib3.final_cell_0733","GAACACTAAG-TGTAGTTT","beta"
"human1_lib3.final_cell_0734","CCCATCTG-CGTACCTA","beta"
"human1_lib3.final_cell_0735","TGACCTGTTAT-GTCTCTCT","alpha"
"human1_lib3.final_cell_0736","GAGAGAGTAT-GATTTACC","endothelial"
"human1_lib3.final_cell_0737","TGATTCGCTGG-CTTCTGGA","beta"
"human1_lib3.final_cell_0738","GCTTACCT-GGCATGCT","endothelial"
"human1_lib3.final_cell_0739","CGGCACAT-TGGCCTGT","beta"
"human1_lib3.final_cell_0740","TGCCTCAC-ACATCTAT","quiescent_stellate"
"human2_lib1.final_cell_0001","TCCAGGGA-CTGGTGCA","delta"
"human2_lib1.final_cell_0002","GAAAGATTGT-TCCGTCCA","delta"
"human2_lib1.final_cell_0003","AAATCAGA-AGTGATGC","alpha"
"human2_lib1.final_cell_0004","ATAGTGGAC-GAGAGTAT","delta"
"human2_lib1.final_cell_0005","GACTTACTCC-AAAGCCTA","delta"
"human2_lib1.final_cell_0006","GATGGAGGAG-CTGTCTGG","delta"
"human2_lib1.final_cell_0007","GAGCGGTA-ACGAAACG","delta"
"human2_lib1.final_cell_0008","AATGTTTG-TCGACGGT","delta"
"human2_lib1.final_cell_0009","ATTTGGGAG-TGTGGCTA","activated_stellate"
"human2_lib1.final_cell_0010","GATGTGAG-ACGGTAGC","ductal"
"human2_lib1.final_cell_0011","TGAAGAAGTTA-ACCTTCTT","delta"
"human2_lib1.final_cell_0012","TGAGGTCTGAC-ATTGGGCC","delta"
"human2_lib1.final_cell_0013","AAGTGAAAG-GTTGCACG","alpha"
"human2_lib1.final_cell_0014","AGGTCACAG-AGGAGCTT","delta"
"human2_lib1.final_cell_0015","CGGCACAT-CGTATCGG","alpha"
"human2_lib1.final_cell_0016","AACCTGAC-GCCTCTTT","alpha"
"human2_lib1.final_cell_0017","AATTCAGTA-AATGAATG","beta"
"human2_lib1.final_cell_0018","ATCTGCATC-GTGGAGCT","ductal"
"human2_lib1.final_cell_0019","AAAACGCCT-GGTTTCTC","alpha"
"human2_lib1.final_cell_0020","ATCAGCGC-GGGTTGGT","alpha"
"human2_lib1.final_cell_0021","AAATCGGGT-ATGCATGG","ductal"
"human2_lib1.final_cell_0022","AAAACTCGA-ATGGGCAC","alpha"
"human2_lib1.final_cell_0023","CTATAGAG-AGTGATGC","alpha"
"human2_lib1.final_cell_0024","TGACAAGTCAT-ATGCATGG","delta"
"human2_lib1.final_cell_0025","ATCTTTGT-AAGCTTCT","ductal"
"human2_lib1.final_cell_0026","CGGCTTAC-ACGAAACG","alpha"
"human2_lib1.final_cell_0027","ACGTGCTAG-GGCCCTTA","delta"
"human2_lib1.final_cell_0028","AATTCAGTA-TCCCGTAG","ductal"
"human2_lib1.final_cell_0029","ACAGATTAC-CGTGCTAG","ductal"
"human2_lib1.final_cell_0030","CTTCAGGT-CTTACTCC","ductal"
"human2_lib1.final_cell_0031","AAAAGTCGG-TCCAGTCC","activated_stellate"
"human2_lib1.final_cell_0032","AGATGTATT-GCCAAGAT","ductal"
"human2_lib1.final_cell_0033","GAAGGCAGTT-TTGGATCG","alpha"
"human2_lib1.final_cell_0034","TCATCCTT-GATCTCGG","delta"
"human2_lib1.final_cell_0035","CGAACGTA-GAAGGCTT","delta"
"human2_lib1.final_cell_0036","TGAATGACTTT-GAGAATTG","delta"
"human2_lib1.final_cell_0037","TGATCGACACC-GCAGCATG","alpha"
"human2_lib1.final_cell_0038","GACACGGACT-TTCGCTGG","ductal"
"human2_lib1.final_cell_0039","TGAGGGAAATC-CGGACAAC","alpha"
"human2_lib1.final_cell_0040","TGCCTCAC-AGTGAAAG","macrophage"
"human2_lib1.final_cell_0041","CGACGTCA-GTATGAGT","alpha"
"human2_lib1.final_cell_0042","ATAGTGGAC-AGGCAACG","delta"
"human2_lib1.final_cell_0043","TGACACAAGGC-ATTCGACG","ductal"
"human2_lib1.final_cell_0044","ACGGAATTT-TTGCACGC","delta"
"human2_lib1.final_cell_0045","TTCGGCCT-TTGTCGCC","alpha"
"human2_lib1.final_cell_0046","AAAACCTCC-TGTTTGAG","alpha"
"human2_lib1.final_cell_0047","AACGCAGAG-CGAGATGT","alpha"
"human2_lib1.final_cell_0048","TTCGGCCT-GGCCCTTA","alpha"
"human2_lib1.final_cell_0049","ATGTGTCCT-GCAAGGAC","ductal"
"human2_lib1.final_cell_0050","AGTGTCGGA-AGCACCAC","activated_stellate"
"human2_lib1.final_cell_0051","AGTCAAAGA-ATGCATGG","ductal"
"human2_lib1.final_cell_0052","GATGGAGGAG-TCGGTTTA","alpha"
"human2_lib1.final_cell_0053","GATTTAACAG-TCTGCATC","quiescent_stellate"
"human2_lib1.final_cell_0054","TGACCTCGTCT-GTCGTCGT","beta"
"human2_lib1.final_cell_0055","AGTATGAGT-GACAAAGG","alpha"
"human2_lib1.final_cell_0056","TAGTCTAG-CTTGGTGT","beta"
"human2_lib1.final_cell_0057","TGAAAACAGGG-TGTGCTCA","beta"
"human2_lib1.final_cell_0058","CTTTAATC-TAGAAATG","beta"
"human2_lib1.final_cell_0059","TGAGGCGGTTT-AATGAATG","alpha"
"human2_lib1.final_cell_0060","GAATTCCTTG-TCGGTTCG","delta"
"human2_lib1.final_cell_0061","GACGAGATGT-CTAGTAAC","delta"
"human2_lib1.final_cell_0062","ATTGTGACT-GAGTTTCG","alpha"
"human2_lib1.final_cell_0063","TGAAGGAGCTT-GACAGATA","beta"
"human2_lib1.final_cell_0064","GATTGATCTA-CGCTAGTC","alpha"
"human2_lib1.final_cell_0065","TGAAGAAGTTA-GTTTACGT","alpha"
"human2_lib1.final_cell_0066","CATCGCAG-AGGAGCTT","alpha"
"human2_lib1.final_cell_0067","GACTGTCTGG-AAAGCCTA","ductal"
"human2_lib1.final_cell_0068","GACGATTGAT-CAGACCAT","beta"
"human2_lib1.final_cell_0069","ACTGCGTTG-ACACTAAG","ductal"
"human2_lib1.final_cell_0070","ATCGGTTCG-ATTGGGCC","activated_stellate"
"human2_lib1.final_cell_0071","TGATGTTTGAG-TTCCGAGT","ductal"
"human2_lib1.final_cell_0072","AATGTTGGC-AGAGGTGG","alpha"
"human2_lib1.final_cell_0073","GAGAGAATTG-GTATGAGT","beta"
"human2_lib1.final_cell_0074","TGAGCCGGATT-AGGTTGTG","ductal"
"human2_lib1.final_cell_0075","AATGGATTA-TAACCCGT","alpha"
"human2_lib1.final_cell_0076","ACGGAATTT-GAGAGTAT","beta"
"human2_lib1.final_cell_0077","AGTTTACGT-GATCTCGG","alpha"
"human2_lib1.final_cell_0078","GACAATTAGT-TAAATAGG","ductal"
"human2_lib1.final_cell_0079","AGCAGAAC-GGGTTGGT","alpha"
"human2_lib1.final_cell_0080","GATGTTCCAG-TCGGTTCG","beta"
"human2_lib1.final_cell_0081","AATGTTTG-GGGAACCT","alpha"
"human2_lib1.final_cell_0082","TGACTCGCGTA-GACAGATA","ductal"
"human2_lib1.final_cell_0083","TTATCTGT-CGGGCTTT","ductal"
"human2_lib1.final_cell_0084","GATGGAGGAG-TTCACATA","alpha"
"human2_lib1.final_cell_0085","GATCGGTACG-GCTTACCT","alpha"
"human2_lib1.final_cell_0086","GAGGGAACCT-TGTGCTCA","ductal"
"human2_lib1.final_cell_0087","CATCGCAG-TCCAGTCC","alpha"
"human2_lib1.final_cell_0088","GATTGAGGGT-TCCGTCCA","alpha"
"human2_lib1.final_cell_0089","AACTCACCG-TACCGGCA","alpha"
"human2_lib1.final_cell_0090","ACTACTTGT-AGCGTAGG","beta"
"human2_lib1.final_cell_0091","AAATCGGGT-GTCAAAGA","alpha"
"human2_lib1.final_cell_0092","AACGCAGAG-CTTTCTTT","beta"
"human2_lib1.final_cell_0093","TACAGCCG-AAATGTCG","alpha"
"human2_lib1.final_cell_0094","TGACTACCGTT-ATGAAGCA","ductal"
"human2_lib1.final_cell_0095","TGACAGACCAT-AATTCCCA","delta"
"human2_lib1.final_cell_0096","AACTCACCG-TGTAAAGG","gamma"
"human2_lib1.final_cell_0097","TGAAGGATTCA-GGGAAATC","alpha"
"human2_lib1.final_cell_0098","TGAAGGATTCA-CGCTAGTC","ductal"
"human2_lib1.final_cell_0099","GGAAACAG-ATGCATGG","alpha"
"human2_lib1.final_cell_0100","AGTTACCGC-TGCGTATC","beta"
"human2_lib1.final_cell_0101","AGAAGTCC-CTAGACCC","beta"
"human2_lib1.final_cell_0102","AATGCGGAT-GCCACATC","gamma"
"human2_lib1.final_cell_0103","CTTACGGG-CCCAAGCA","alpha"
"human2_lib1.final_cell_0104","GATCGGTTTA-TTCGGCCT","delta"
"human2_lib1.final_cell_0105","TGAATTCGACG-AGGCAACG","beta"
"human2_lib1.final_cell_0106","ATTGATTCT-AATGTTTG","alpha"
"human2_lib1.final_cell_0107","TGAGTTCTGTT-GAAGGCTT","beta"
"human2_lib1.final_cell_0108","TGATCGACACC-TGCAAGGG","alpha"
"human2_lib1.final_cell_0109","TGAATTCGACG-TGATAACA","alpha"
"human2_lib1.final_cell_0110","AGTGGATGG-CGGCTTAC","alpha"
"human2_lib1.final_cell_0111","TGAACGCTCAG-ACGCCATT","beta"
"human2_lib1.final_cell_0112","TGCCTCAC-CGTCAGCA","ductal"
"human2_lib1.final_cell_0113","AATGCGGAT-GGAAACAG","ductal"
"human2_lib1.final_cell_0114","GATAAGACGG-ACTGAGTT","alpha"
"human2_lib1.final_cell_0115","TGAGAGTTCAC-GAATTCGT","beta"
"human2_lib1.final_cell_0116","GAACTGCCGT-CACTCCTC","alpha"
"human2_lib1.final_cell_0117","TGACCATTACT-GACAGATA","ductal"
"human2_lib1.final_cell_0118","TGAAGAAGTTA-AATGAATG","alpha"
"human2_lib1.final_cell_0119","CGTATTTC-GTTACCGC","beta"
"human2_lib1.final_cell_0120","AAGATGGCT-GCTTTGGC","alpha"
"human2_lib1.final_cell_0121","AAGCTACGG-CAAGAGGG","ductal"
"human2_lib1.final_cell_0122","ACCCACGA-GTTCAACT","alpha"
"human2_lib1.final_cell_0123","ACCCACGA-AGGAGCTT","delta"
"human2_lib1.final_cell_0124","TGATCGTCATG-AGAGGTGG","beta"
"human2_lib1.final_cell_0125","AGTTTACGT-GATGTATT","ductal"
"human2_lib1.final_cell_0126","GATTAAACTG-TCTCACTT","beta"
"human2_lib1.final_cell_0127","GGAGAAGC-GGCCTAAG","alpha"
"human2_lib1.final_cell_0128","TAGTCTAG-AACTTAGC","beta"
"human2_lib1.final_cell_0129","GATTGGCGTT-AGCTATGA","ductal"
"human2_lib1.final_cell_0130","TGAGTTCTGTT-TACCAGGC","alpha"
"human2_lib1.final_cell_0131","ATCTAGCAG-ATACTCTT","alpha"
"human2_lib1.final_cell_0132","GATCGGTTTA-GCGCATTC","alpha"
"human2_lib1.final_cell_0133","ACCCGACTT-ACTAGGAT","alpha"
"human2_lib1.final_cell_0134","ACTTCAAT-AACACACG","ductal"
"human2_lib1.final_cell_0135","GACACGGACT-CTAGACCC","alpha"
"human2_lib1.final_cell_0136","GATGCCATCG-ACTGCCGT","ductal"
"human2_lib1.final_cell_0137","GATCCCAATC-ACCTTGCC","beta"
"human2_lib1.final_cell_0138","GTACCTTG-CTTACTCC","ductal"
"human2_lib1.final_cell_0139","AACGCAGAG-GCAAGGAC","beta"
"human2_lib1.final_cell_0140","TGAGTAATCCC-GGGAGGTA","alpha"
"human2_lib1.final_cell_0141","CGTATTTC-GGGAACCT","beta"
"human2_lib1.final_cell_0142","AGAAGTCC-CTGCGTTG","alpha"
"human2_lib1.final_cell_0143","AGCAAAGCC-GGGTGTAT","activated_stellate"
"human2_lib1.final_cell_0144","AATACTCTT-GTCCGTAC","alpha"
"human2_lib1.final_cell_0145","ATCTTTGT-CGTAGAAG","beta"
"human2_lib1.final_cell_0146","TGATCGACACC-ATGCGGAT","alpha"
"human2_lib1.final_cell_0147","TGAGGAATAGA-TCGGTTCG","alpha"
"human2_lib1.final_cell_0148","TGAGCCGGATT-GACGATGG","alpha"
"human2_lib1.final_cell_0149","TGACGTAGAAG-AGAACGGG","alpha"
"human2_lib1.final_cell_0150","GAAAGCGTAC-GACGATGG","beta"
"human2_lib1.final_cell_0151","AGTGTCGGA-TTGATTCT","ductal"
"human2_lib1.final_cell_0152","TGAGCAAGGAC-CGTGGATA","activated_stellate"
"human2_lib1.final_cell_0153","GACGATTGAT-GGGTGTAT","alpha"
"human2_lib1.final_cell_0154","AAAAGCCTA-GGGAACCT","alpha"
"human2_lib1.final_cell_0155","GAATGGAAAT-TTGGCGTT","ductal"
"human2_lib1.final_cell_0156","ATCCGCTA-CTTGGTGT","delta"
"human2_lib1.final_cell_0157","CGAACGTA-CTACTTGT","alpha"
"human2_lib1.final_cell_0158","AACTGAGTT-TGTTCCAG","alpha"
"human2_lib1.final_cell_0159","GCTCTAGT-CTTACGGG","ductal"
"human2_lib1.final_cell_0160","GAAAGATTGT-CTTACGGG","ductal"
"human2_lib1.final_cell_0161","TGATTAGTCCG-CGCTCTCA","alpha"
"human2_lib1.final_cell_0162","GATCGGTTTA-TCTAGCAG","alpha"
"human2_lib1.final_cell_0163","CGGCTTAC-GGAGAAGC","alpha"
"human2_lib1.final_cell_0164","CGAACGTA-CTGTCTGG","alpha"
"human2_lib1.final_cell_0165","GAGTTAACCA-GGGTGTAT","activated_stellate"
"human2_lib1.final_cell_0166","AACGGTAGC-TAGAAATG","alpha"
"human2_lib1.final_cell_0167","ATCATGAGG-TGACCAGT","macrophage"
"human2_lib1.final_cell_0168","TGAGCAAGGAC-TCCGTCCA","alpha"
"human2_lib1.final_cell_0169","CGAACGTA-TTGCACGC","delta"
"human2_lib1.final_cell_0170","TGATCCCTGAT-CCGCAACT","alpha"
"human2_lib1.final_cell_0171","GATGCCATCG-TGAGGTCT","activated_stellate"
"human2_lib1.final_cell_0172","TAGCTTAT-AATGAATG","alpha"
"human2_lib1.final_cell_0173","ATAGTGGAC-CCATTTGA","delta"
"human2_lib1.final_cell_0174","AAAACGCCT-TCGGTTTA","alpha"
"human2_lib1.final_cell_0175","AAAGTAATC-TGACGGAC","alpha"
"human2_lib1.final_cell_0176","AGGCAACG-TTTGTGTC","alpha"
"human2_lib1.final_cell_0177","GATTCCGAGT-GGTTTCTC","ductal"
"human2_lib1.final_cell_0178","GACAATTAGT-TTCCGAGT","alpha"
"human2_lib1.final_cell_0179","CCCAAGCA-GGCCTAAG","alpha"
"human2_lib1.final_cell_0180","TAGCTTAT-AACCTGAC","alpha"
"human2_lib1.final_cell_0181","GGGTTGGT-TCGTCATG","ductal"
"human2_lib1.final_cell_0182","TGACTTGGTGT-ATATGCAT","beta"
"human2_lib1.final_cell_0183","AGCAAAGCC-CCGCAACT","beta"
"human2_lib1.final_cell_0184","GAGAGAGTAT-GGACTTCC","alpha"
"human2_lib1.final_cell_0185","ATATGCAT-CGAGATGT","gamma"
"human2_lib1.final_cell_0186","GGATAAAG-GGTCCCTT","ductal"
"human2_lib1.final_cell_0187","GATTCCGAGT-ATATGCAT","beta"
"human2_lib1.final_cell_0188","TGATCGACGGT-AAAGCCTA","endothelial"
"human2_lib1.final_cell_0189","TAGCCTCG-CCCGAATG","gamma"
"human2_lib1.final_cell_0190","ACAACGTGG-AGCACCAC","ductal"
"human2_lib1.final_cell_0191","ACGGACAAC-TGAGGTCT","alpha"
"human2_lib1.final_cell_0192","AATGTTGGC-CAGATTAC","ductal"
"human2_lib1.final_cell_0193","GATGTTCCAG-GTCCAAAG","delta"
"human2_lib1.final_cell_0194","TGAGTGGAGCT-CGCCTTGA","ductal"
"human2_lib1.final_cell_0195","ACTAGATTG-GTTAACCA","beta"
"human2_lib1.final_cell_0196","TGCCTCAC-ACAGCGGA","beta"
"human2_lib1.final_cell_0197","GACGATTGAT-GCATGGGT","endothelial"
"human2_lib1.final_cell_0198","AGCAACCTG-ACTGCCGT","beta"
"human2_lib1.final_cell_0199","TGGTATGA-CCCGACTT","alpha"
"human2_lib1.final_cell_0200","ACGTATAC-CGTCAGCA","delta"
"human2_lib1.final_cell_0201","AAAAGCCTA-CGCTAATA","beta"
"human2_lib1.final_cell_0202","GAGACAGATA-AGGAGCTT","activated_stellate"
"human2_lib1.final_cell_0203","TGAGAAGCACT-GTTTACGT","alpha"
"human2_lib1.final_cell_0204","ACGTGGATA-GAACGATT","beta"
"human2_lib1.final_cell_0205","TGAGCGCATTC-CACTTTCT","ductal"
"human2_lib1.final_cell_0206","ATCTTTGT-AATTCCCA","beta"
"human2_lib1.final_cell_0207","ACAACGTGG-AGCAGAAC","gamma"
"human2_lib1.final_cell_0208","TGAGAAGCACT-ATTCAGTA","alpha"
"human2_lib1.final_cell_0209","AGCAACCTG-CGTCAGCA","alpha"
"human2_lib1.final_cell_0210","TAAATAGG-CCTGTTAT","alpha"
"human2_lib1.final_cell_0211","GAGAAAGACC-TTCCGAGT","delta"
"human2_lib1.final_cell_0212","TGATTAGTCCG-AACACACG","alpha"
"human2_lib1.final_cell_0213","AATTCAGTA-GTTAACCA","ductal"
"human2_lib1.final_cell_0214","GACGATTGAT-CGCCTTGA","alpha"
"human2_lib1.final_cell_0215","TTATCTGT-TGACCCTC","beta"
"human2_lib1.final_cell_0216","AAGCGAAGT-TGTCTTTC","endothelial"
"human2_lib1.final_cell_0217","ACAGGTGTC-TGACCCTC","activated_stellate"
"human2_lib1.final_cell_0218","ATTAGGACC-TTGTTTAC","alpha"
"human2_lib1.final_cell_0219","AGGTCACAG-TTGTTTAC","beta"
"human2_lib1.final_cell_0220","TGAGGCGGTTT-GTTACCGC","alpha"
"human2_lib1.final_cell_0221","GACTGTCTGG-CGAGATGT","alpha"
"human2_lib1.final_cell_0222","ACGTGGATA-AGAACGGG","alpha"
"human2_lib1.final_cell_0223","AACTTAGC-CGTACCTA","beta"
"human2_lib1.final_cell_0224","TGAGGTCTGAC-TGCTCCGT","beta"
"human2_lib1.final_cell_0225","ACAACGTGG-ATCCCACG","alpha"
"human2_lib1.final_cell_0226","GACGTCAGCA-GGTTTCTC","gamma"
"human2_lib1.final_cell_0227","GACGTCAGCA-ACCCACGA","beta"
"human2_lib1.final_cell_0228","AGCCAAGAT-GATGTGAG","alpha"
"human2_lib1.final_cell_0229","GTTACGAT-TTAAGCGT","alpha"
"human2_lib1.final_cell_0230","TGATGTTTGAG-ACCACGCT","alpha"
"human2_lib1.final_cell_0231","TGAGCGCATTC-TACAAACT","beta"
"human2_lib1.final_cell_0232","AGCAGAAC-CGGCACAT","ductal"
"human2_lib1.final_cell_0233","CAGTTTGC-AAAGTCGG","beta"
"human2_lib1.final_cell_0234","TTATCTGT-GGTGGGAT","activated_stellate"
"human2_lib1.final_cell_0235","GAGAATACGC-TCCCAATC","alpha"
"human2_lib1.final_cell_0236","TGCGTATC-AAAGCCTA","beta"
"human2_lib1.final_cell_0237","ATCACGTTT-CGGACAAC","beta"
"human2_lib1.final_cell_0238","GATGGAGGAG-CCATTACT","gamma"
"human2_lib1.final_cell_0239","CATCGCAG-ACCCACGA","alpha"
"human2_lib1.final_cell_0240","TGATGTTTGAG-TGTTTGAG","alpha"
"human2_lib1.final_cell_0241","GAGAATTCGT-TTCGCTGG","alpha"
"human2_lib1.final_cell_0242","CGAACGTA-TCATCCTT","beta"
"human2_lib1.final_cell_0243","ACGTATAC-AGGTTGTG","alpha"
"human2_lib1.final_cell_0244","AACTGAGTT-GTCAATAC","endothelial"
"human2_lib1.final_cell_0245","TGAGGTCTGAC-CTTACTCC","alpha"
"human2_lib1.final_cell_0246","AATATCTTC-GTGGAGCT","delta"
"human2_lib1.final_cell_0247","ACGTGGATA-CACTTTCT","activated_stellate"
"human2_lib1.final_cell_0248","TGAAACACACG-ATCAAGTG","gamma"
"human2_lib1.final_cell_0249","GATCGGTTTA-CAAGAGGG","beta"
"human2_lib1.final_cell_0250","GATTGAGGGT-GGCGTTAG","alpha"
"human2_lib1.final_cell_0251","AGGTCACAG-GCCACATC","ductal"
"human2_lib1.final_cell_0252","TGAATGCATGG-CTTCGATT","beta"
"human2_lib1.final_cell_0253","AAGTGAAAG-TCATATGG","gamma"
"human2_lib1.final_cell_0254","ACTGAGTGC-ACCACGCT","beta"
"human2_lib1.final_cell_0255","TAAATAGG-TTGGATCG","beta"
"human2_lib1.final_cell_0256","GACCACATTA-TGCCTCAC","ductal"
"human2_lib1.final_cell_0257","GATGACGGAC-AAGTAATC","ductal"
"human2_lib1.final_cell_0258","GAGCGGTA-TACCGGCA","alpha"
"human2_lib1.final_cell_0259","AGTTACCGC-ACGGTAGC","beta"
"human2_lib1.final_cell_0260","TGAGGCGGTTT-CCCAAGCA","beta"
"human2_lib1.final_cell_0261","AGCAGAAC-CGAACGTA","ductal"
"human2_lib1.final_cell_0262","TCATCCTT-GAACGATT","beta"
"human2_lib1.final_cell_0263","ACCGTGTTT-TAACCCGT","ductal"
"human2_lib1.final_cell_0264","AGTTTACGT-GAGGCTGA","alpha"
"human2_lib1.final_cell_0265","AGCTTTCCA-TTGGACTT","alpha"
"human2_lib1.final_cell_0266","GAGATTGCGA-CTGTTCTT","activated_stellate"
"human2_lib1.final_cell_0267","AACTCACCG-CTACGAGC","delta"
"human2_lib1.final_cell_0268","CTTCAGGT-TCTCAACC","alpha"
"human2_lib1.final_cell_0269","CGAACGTA-CCGCTGTT","activated_stellate"
"human2_lib1.final_cell_0270","TGCGACAG-CCTATTCA","beta"
"human2_lib1.final_cell_0271","TGAGAGGCTGA-TCGTCATG","alpha"
"human2_lib1.final_cell_0272","GATGTGCTCA-ATTGGGCC","delta"
"human2_lib1.final_cell_0273","ATCTGCATC-GGCTACTA","beta"
"human2_lib1.final_cell_0274","GATGTAAAGG-AGGCAACG","beta"
"human2_lib1.final_cell_0275","TGATCGACGGT-ACCCACGA","delta"
"human2_lib1.final_cell_0276","GCAGTCGA-GAGCGGTA","ductal"
"human2_lib1.final_cell_0277","ATCCGCTA-AGAAGTTA","alpha"
"human2_lib1.final_cell_0278","AAATGAATG-CTAGTAAC","delta"
"human2_lib1.final_cell_0279","GACAATTAGT-AAACCTCC","alpha"
"human2_lib1.final_cell_0280","AATACTCTT-AAGATTGT","beta"
"human2_lib1.final_cell_0281","AACTGAGTT-TGCGTATC","ductal"
"human2_lib1.final_cell_0282","TGAAGCGCGAT-CCCTTCAG","beta"
"human2_lib1.final_cell_0283","TGATTCGCTGG-GATGTATT","endothelial"
"human2_lib1.final_cell_0284","TGAACATCTAT-AATCGGGT","ductal"
"human2_lib1.final_cell_0285","AATACTCTT-CACTTTCT","beta"
"human2_lib1.final_cell_0286","GCTTTGGC-CCCTTGGT","alpha"
"human2_lib1.final_cell_0287","TGACTCGATGC-GGGAGGTA","activated_stellate"
"human2_lib1.final_cell_0288","TGATAACCCGT-ATGCATGG","beta"
"human2_lib1.final_cell_0289","ATTGATTCT-TTGTCGCC","alpha"
"human2_lib1.final_cell_0290","ATCCGCTA-CCCAAGCA","beta"
"human2_lib1.final_cell_0291","TTGCATAT-ATACCCAG","beta"
"human2_lib1.final_cell_0292","TGATCACCGAG-AAACCTCC","alpha"
"human2_lib1.final_cell_0293","GCAGCATG-GATGTGAG","beta"
"human2_lib1.final_cell_0294","GATTGGCGTT-TTCGCTGG","alpha"
"human2_lib1.final_cell_0295","GGAAACAG-CTCAGAAT","gamma"
"human2_lib1.final_cell_0296","TGATCCCTGAT-GGCTACTA","beta"
"human2_lib1.final_cell_0297","AATATCTTC-GCAGCATG","ductal"
"human2_lib1.final_cell_0298","GATTAAACTG-CTCAGAAT","beta"
"human2_lib1.final_cell_0299","GATAAGACGG-TTCGCTGG","alpha"
"human2_lib1.final_cell_0300","TGATCGACACC-TTGCACGC","alpha"
"human2_lib1.final_cell_0301","GAGGCGTTAG-GCAACCTG","alpha"
"human2_lib1.final_cell_0302","TCCTTATT-GCAACCTG","alpha"
"human2_lib1.final_cell_0303","TGACTCAGAAT-GATCTCGG","ductal"
"human2_lib1.final_cell_0304","TGAGAGTTCAC-GGCATGCT","beta"
"human2_lib1.final_cell_0305","GACTTCTTCG-CTGAGTGC","alpha"
"human2_lib1.final_cell_0306","ATTCCAGAC-CCAGCAGT","alpha"
"human2_lib1.final_cell_0307","TTTGTGTC-TTGAGGGT","ductal"
"human2_lib1.final_cell_0308","CGGCACAT-GTGGAGCT","alpha"
"human2_lib1.final_cell_0309","ATGGCCTGT-GATCTCGG","ductal"
"human2_lib1.final_cell_0310","GAATGGAAAT-GTCAATAC","alpha"
"human2_lib1.final_cell_0311","TGATCGACACC-TTCGGCCT","alpha"
"human2_lib1.final_cell_0312","TGACTAGTAAC-GCCACATC","gamma"
"human2_lib1.final_cell_0313","TGATTAGTCCG-TCCCTGAT","ductal"
"human2_lib1.final_cell_0314","TGAGGGAAATC-ACTGAGTT","ductal"
"human2_lib1.final_cell_0315","GATTGGCGTT-TAAATAGG","alpha"
"human2_lib1.final_cell_0316","TGATCGACACC-GATTGCGA","alpha"
"human2_lib1.final_cell_0317","GACATTTGTT-TCCAGTCC","ductal"
"human2_lib1.final_cell_0318","AATCCCACG-CGATTGAT","beta"
"human2_lib1.final_cell_0319","GAGAATTCGT-CTACTTGT","ductal"
"human2_lib1.final_cell_0320","GTTCAACT-ACAGCGGA","alpha"
"human2_lib1.final_cell_0321","AACCTGAC-TGAGGTCT","ductal"
"human2_lib1.final_cell_0322","ACTTAGGTA-GTCCGTAC","alpha"
"human2_lib1.final_cell_0323","TGATCCCTGAT-ATATAGGA","ductal"
"human2_lib1.final_cell_0324","AAAGTAATC-CGTACCTA","beta"
"human2_lib1.final_cell_0325","AATACTCTT-ATGGGCAC","beta"
"human2_lib1.final_cell_0326","AAGCTTCT-TCCAGTCC","beta"
"human2_lib1.final_cell_0327","GAAGTGATGC-CACTTTCT","ductal"
"human2_lib1.final_cell_0328","TGATCGTCATG-TGCCTCAC","ductal"
"human2_lib1.final_cell_0329","GAATCAAGTG-GGGTTGGT","alpha"
"human2_lib1.final_cell_0330","ACAGATTAC-GAAGCACT","delta"
"human2_lib1.final_cell_0331","ACTAGATTG-ACCCATAT","alpha"
"human2_lib1.final_cell_0332","GTTGCACG-AAGATTGT","beta"
"human2_lib1.final_cell_0333","TGAGAGTTCAC-CGACTCCT","beta"
"human2_lib1.final_cell_0334","ACTTCAAT-TCGGTTTA","endothelial"
"human2_lib1.final_cell_0335","TGAGAAGCACT-AAACTCGA","alpha"
"human2_lib1.final_cell_0336","TGACCAGCAGT-TTCGTTCC","alpha"
"human2_lib1.final_cell_0337","GATGTTCCAG-TCGACGGT","alpha"
"human2_lib1.final_cell_0338","ACCCTAACC-CAATTAGT","alpha"
"human2_lib1.final_cell_0339","TGATTGTTTAC-GGTCACAG","alpha"
"human2_lib1.final_cell_0340","GGATAAAG-CATCTCCC","alpha"
"human2_lib1.final_cell_0341","CGGCTTAC-CGTAGAAG","ductal"
"human2_lib1.final_cell_0342","GACGACTCCT-ACTTCAAT","alpha"
"human2_lib1.final_cell_0343","TGATTCACATA-TGACCCTC","alpha"
"human2_lib1.final_cell_0344","ACTGAGTGC-TGTAAAGG","ductal"
"human2_lib1.final_cell_0345","TGACCTCGTCT-CCTATTCA","alpha"
"human2_lib1.final_cell_0346","GATCTCACTT-AACTTAGC","ductal"
"human2_lib1.final_cell_0347","AAGCGAAGT-TTGATCTA","ductal"
"human2_lib1.final_cell_0348","GATGTAAAGG-TAACCCGT","ductal"
"human2_lib1.final_cell_0349","TGATCGTCATG-TGGTTTCT","alpha"
"human2_lib1.final_cell_0350","ATTGTGACT-AGGTTGTG","activated_stellate"
"human2_lib1.final_cell_0351","GATTCCGAGT-GCTCTAGT","ductal"
"human2_lib1.final_cell_0352","CGCTAATA-TCCAGTCC","alpha"
"human2_lib1.final_cell_0353","ATGGCCTGT-TAGCCTCG","alpha"
"human2_lib1.final_cell_0354","AACTGAGTT-CTAGTAAC","beta"
"human2_lib1.final_cell_0355","GAACTGCCGT-AGCTACGG","delta"
"human2_lib1.final_cell_0356","GACGACTCCT-TCGGTTTA","alpha"
"human2_lib1.final_cell_0357","GATTAAACTG-ACGCTCAG","alpha"
"human2_lib1.final_cell_0358","GCTTTGGC-TTGTTTAC","ductal"
"human2_lib1.final_cell_0359","TGAACGCTCAG-CTCGCGTA","alpha"
"human2_lib1.final_cell_0360","AGCACCAC-GGATAAAG","alpha"
"human2_lib1.final_cell_0361","AAGCGCCTT-GCAGCATG","gamma"
"human2_lib1.final_cell_0362","GATCGGTTTA-GCACCTCT","ductal"
"human2_lib1.final_cell_0363","GCTCTAGT-GGCATGCT","alpha"
"human2_lib1.final_cell_0364","TCATCCTT-CTGCGTTG","delta"
"human2_lib1.final_cell_0365","ACGGACAAC-TTCCAGAC","endothelial"
"human2_lib1.final_cell_0366","ATCCGCTA-TACTTGTG","beta"
"human2_lib1.final_cell_0367","AGCAACCTG-CAGACCAT","alpha"
"human2_lib1.final_cell_0368","TGACAATACTT-TGATGCCC","beta"
"human2_lib1.final_cell_0369","TGACACAGTTT-TGTTTGAG","alpha"
"human2_lib1.final_cell_0370","AGTTTACGT-CTTCGCAC","alpha"
"human2_lib1.final_cell_0371","GCAGCATG-GCGCATTC","alpha"
"human2_lib1.final_cell_0372","GATCGGTTTA-CTCGCGTA","gamma"
"human2_lib1.final_cell_0373","GACACGGACT-TCTAGCAG","ductal"
"human2_lib1.final_cell_0374","ATGGCCTGT-GTTACCGC","alpha"
"human2_lib1.final_cell_0375","TGATTCACATA-GGAGAAGC","alpha"
"human2_lib1.final_cell_0376","AGAGACTA-CGCCTTGA","gamma"
"human2_lib1.final_cell_0377","AGAGACTA-TTGTGACT","alpha"
"human2_lib1.final_cell_0378","TGAGAAGCACT-AACACACG","quiescent_stellate"
"human2_lib1.final_cell_0379","TGAAGGAGCTT-TTTGGGAG","beta"
"human2_lib1.final_cell_0380","CGGCACAT-CCTATTCA","ductal"
"human2_lib1.final_cell_0381","TGCGACAG-TCTCAACC","ductal"
"human2_lib1.final_cell_0382","TGAGGCGGTTT-TAGAAATG","beta"
"human2_lib1.final_cell_0383","ACTACTTGT-TGTGGCTA","alpha"
"human2_lib1.final_cell_0384","TGACTTGGTGT-TGTACACG","alpha"
"human2_lib1.final_cell_0385","TGATGTTTGAG-ACGTATAC","alpha"
"human2_lib1.final_cell_0386","TGAACTAGCCA-GGCCCTTA","alpha"
"human2_lib1.final_cell_0387","GAGAATTCGT-GGCCCTTA","alpha"
"human2_lib1.final_cell_0388","TGACCAGT-CTTCGCAC","beta"
"human2_lib1.final_cell_0389","TGATGTTTGAG-TCCCTGAT","alpha"
"human2_lib1.final_cell_0390","TAGCCTCG-TCCCTGAT","beta"
"human2_lib1.final_cell_0391","TGACTGTTCTT-ACGAAACG","ductal"
"human2_lib1.final_cell_0392","ATTTCCGG-CCATTACT","gamma"
"human2_lib1.final_cell_0393","TGAACTAGCCA-TCACCGAG","beta"
"human2_lib1.final_cell_0394","GCTCTAGT-ACCACGCT","activated_stellate"
"human2_lib1.final_cell_0395","GATTAAACTG-GAGTTTCG","ductal"
"human2_lib1.final_cell_0396","GACCCTTCAG-AACCCTTG","ductal"
"human2_lib1.final_cell_0397","GAGAAGGCTT-CTGCGTTG","alpha"
"human2_lib1.final_cell_0398","TGAACTAGCCA-GGCCTAAG","gamma"
"human2_lib1.final_cell_0399","TGAGCCACATC-AAAGTCGG","epsilon"
"human2_lib1.final_cell_0400","GAGAGAGTAT-ATTCAGTA","alpha"
"human2_lib1.final_cell_0401","GTTACGAT-TCTCAACC","delta"
"human2_lib1.final_cell_0402","GACGGGCTTT-TGCTCCGT","alpha"
"human2_lib1.final_cell_0403","TGAACTAGCCA-CTGAGTGC","ductal"
"human2_lib1.final_cell_0404","GATCTCACTT-ACTCACCG","alpha"
"human2_lib1.final_cell_0405","TGACTAGTAAC-AGGTTGTG","beta"
"human2_lib1.final_cell_0406","ATTTATCAC-TCTCAACC","activated_stellate"
"human2_lib1.final_cell_0407","ACGTATAC-TACTTGTG","gamma"
"human2_lib1.final_cell_0408","GACCTACTAG-CACAACAG","alpha"
"human2_lib1.final_cell_0409","CAGTTTGC-CAGACCAT","alpha"
"human2_lib1.final_cell_0410","TGAGCGCATTC-AAACAGGG","schwann"
"human2_lib1.final_cell_0411","GATCTCAACC-AGGATTCA","ductal"
"human2_lib1.final_cell_0412","GATCCGTCCA-ATGGATTA","alpha"
"human2_lib1.final_cell_0413","TTAAGCGT-GACAACTT","alpha"
"human2_lib1.final_cell_0414","GACGACTCCT-AGTTTAGA","gamma"
"human2_lib1.final_cell_0415","ACCGCAACT-TCGGTTTA","alpha"
"human2_lib1.final_cell_0416","GACCTATTCA-CGGGCTTT","alpha"
"human2_lib1.final_cell_0417","GATGTGCTCA-TAGTCGCA","alpha"
"human2_lib1.final_cell_0418","TGAATGAAGCA-CTTTCTTT","alpha"
"human2_lib1.final_cell_0419","TGAATGACTTT-GTTTACGT","alpha"
"human2_lib1.final_cell_0420","GCATGGGT-CTGAGTGC","alpha"
"human2_lib1.final_cell_0421","AGAACGATT-CTGGTGCA","beta"
"human2_lib1.final_cell_0422","AGGCAACG-GTTACGAT","macrophage"
"human2_lib1.final_cell_0423","ACCCACGA-CCATTACT","ductal"
"human2_lib1.final_cell_0424","TGAACTAGCCA-TCATCCTT","alpha"
"human2_lib1.final_cell_0425","GACTCTTGAC-CAACGTGG","alpha"
"human2_lib1.final_cell_0426","GTTGCACG-TTAAGCGT","ductal"
"human2_lib1.final_cell_0427","ACTCCGCAT-AAGGTAAT","alpha"
"human2_lib1.final_cell_0428","TCATCCTT-AAGCTTCT","alpha"
"human2_lib1.final_cell_0429","TGAGGAATAGA-CTTAGGTA","alpha"
"human2_lib1.final_cell_0430","GACCTACTAG-TGCGACAG","beta"
"human2_lib1.final_cell_0431","TGATTGCACGC-ATTTCCGG","ductal"
"human2_lib1.final_cell_0432","TGACTTCTGGA-CGTAGAAG","gamma"
"human2_lib1.final_cell_0433","AGCCTCTTT-GGCCTAAG","delta"
"human2_lib1.final_cell_0434","GAGGTCCCTT-TGGGATTC","ductal"
"human2_lib1.final_cell_0435","GAGATCTCGG-GTCCATGT","delta"
"human2_lib1.final_cell_0436","GATTAGAC-CGACTCCT","beta"
"human2_lib1.final_cell_0437","GAGGCGTTAG-TCGACACC","alpha"
"human2_lib1.final_cell_0438","GACATCTCCC-TCTCAACC","ductal"
"human2_lib1.final_cell_0439","ATTAGGACC-TCTGCATC","gamma"
"human2_lib1.final_cell_0440","TGATTGCACGC-GTAATCCC","alpha"
"human2_lib1.final_cell_0441","GATTGATCTA-CATTTGTT","alpha"
"human2_lib1.final_cell_0442","TGAATACCCAG-CCTACTAG","alpha"
"human2_lib1.final_cell_0443","AGGGCCAAT-TTGCACGC","gamma"
"human2_lib1.final_cell_0444","TGCTATTT-ACTTCAAT","activated_stellate"
"human2_lib1.final_cell_0445","AACTCACCG-CCGCTGTT","alpha"
"human2_lib1.final_cell_0446","GATCGGTTTA-CTGAGTGC","ductal"
"human2_lib1.final_cell_0447","TGACGAGTCTG-TTCACATA","alpha"
"human2_lib1.final_cell_0448","TGAGTACACTC-GAAGGCTT","alpha"
"human2_lib1.final_cell_0449","CCCAAGCA-GCGCATTC","beta"
"human2_lib1.final_cell_0450","GAGTTGTCAT-TTGATTCT","ductal"
"human2_lib1.final_cell_0451","GATCCCAATC-TGACCCTC","alpha"
"human2_lib1.final_cell_0452","GCTCTAGT-TTCGCTGG","gamma"
"human2_lib1.final_cell_0453","AAAACGCCT-TCCCTGAT","delta"
"human2_lib1.final_cell_0454","TGCGACAG-TACCAGGC","alpha"
"human2_lib1.final_cell_0455","AAGATGGCT-ATCAGCGC","alpha"
"human2_lib1.final_cell_0456","TAACTACT-CTTTAATC","ductal"
"human2_lib1.final_cell_0457","ATGTGTCCT-GCAGTCGA","activated_stellate"
"human2_lib1.final_cell_0458","AAATGACCC-CGCCTTGA","alpha"
"human2_lib1.final_cell_0459","AAGCGAAGT-CAGACCAT","alpha"
"human2_lib1.final_cell_0460","GAATGGGCAC-TGCAAGGG","alpha"
"human2_lib1.final_cell_0461","GATAACCATC-CTTCAGGT","gamma"
"human2_lib1.final_cell_0462","GTACCTTG-TGTGTCCT","alpha"
"human2_lib1.final_cell_0463","TGAATGACTTT-TCTGCATC","beta"
"human2_lib1.final_cell_0464","ACTGAGTGC-CTTGGTGT","alpha"
"human2_lib1.final_cell_0465","GGCATGCT-TGCCTCAC","alpha"
"human2_lib1.final_cell_0466","AAATGAATG-TGAGGTCT","beta"
"human2_lib1.final_cell_0467","TAGCCTCG-CTCCGCAT","ductal"
"human2_lib1.final_cell_0468","TGAGACAAAGG-CTGCGTTG","schwann"
"human2_lib1.final_cell_0469","AACCCATAT-TAACCATC","delta"
"human2_lib1.final_cell_0470","ACCCGACTT-GAGAATTG","gamma"
"human2_lib1.final_cell_0471","GACTCTTGAC-CATACATT","activated_stellate"
"human2_lib1.final_cell_0472","AACTTAGC-CGAGTCTG","alpha"
"human2_lib1.final_cell_0473","TGAGTCGTCGT-GGTGGGAT","ductal"
"human2_lib1.final_cell_0474","AGATGTATT-CTAGACCC","beta"
"human2_lib1.final_cell_0475","AAGAACGGG-GATTGCGA","beta"
"human2_lib1.final_cell_0476","GACGAATAAT-GTGGATGG","alpha"
"human2_lib1.final_cell_0477","TGATGTCTTTC-CATCTCCC","gamma"
"human2_lib1.final_cell_0478","ATCTAGCAG-CTCCGCAT","gamma"
"human2_lib1.final_cell_0479","CCGCTGTT-TGTCTTTC","ductal"
"human2_lib1.final_cell_0480","TGATCCCTGAT-TAGCCTCG","alpha"
"human2_lib1.final_cell_0481","GATACCAGGC-CGCTCTCA","activated_stellate"
"human2_lib1.final_cell_0482","GATTGATCTA-ATACCCAG","endothelial"
"human2_lib1.final_cell_0483","ACTACTTGT-CAGTCCCT","beta"
"human2_lib1.final_cell_0484","AATACTCTT-ACGCAGAG","beta"
"human2_lib1.final_cell_0485","AAGCGAAGT-GGCCTAAG","endothelial"
"human2_lib1.final_cell_0486","TGAAGGATTCA-TATTGCCT","alpha"
"human2_lib1.final_cell_0487","GACAATTAGT-ATGCATGG","beta"
"human2_lib1.final_cell_0488","ATGGCCTGT-CACAACAG","beta"
"human2_lib1.final_cell_0489","GATGTAGTTT-GCGTTGCT","alpha"
"human2_lib1.final_cell_0490","ACTAGATTG-ATTCCTTG","ductal"
"human2_lib1.final_cell_0491","TGAGACAAAGG-AGCTATGA","alpha"
"human2_lib1.final_cell_0492","GAACGCCATT-GATTGCGA","alpha"
"human2_lib1.final_cell_0493","TGATCGTCATG-TAACCATC","alpha"
"human2_lib1.final_cell_0494","GACGGGCTTT-CGGACAAC","gamma"
"human2_lib1.final_cell_0495","AAAAGCCTA-TACTTGTG","activated_stellate"
"human2_lib1.final_cell_0496","TGACGAGTCTG-TCTCAACC","alpha"
"human2_lib1.final_cell_0497","TGACTCGCGTA-AGCTACGG","beta"
"human2_lib1.final_cell_0498","AGCACCAC-ACCCATAT","alpha"
"human2_lib1.final_cell_0499","TGAGACAAAGG-TAGCCTCG","alpha"
"human2_lib1.final_cell_0500","GACCACATTA-AGGAAGAC","quiescent_stellate"
"human2_lib1.final_cell_0501","GGCATGCT-GTTAACCA","gamma"
"human2_lib1.final_cell_0502","ATCTTTGT-TAGCTTAT","alpha"
"human2_lib1.final_cell_0503","TGACGAGTCTG-ACGGTAGC","alpha"
"human2_lib1.final_cell_0504","TGACCAGT-TTAAGCGT","alpha"
"human2_lib1.final_cell_0505","TGAGCAGGGTA-ACCCATAT","alpha"
"human2_lib1.final_cell_0506","GAATGGGCAC-GGCATGCT","alpha"
"human2_lib1.final_cell_0507","TGATATTGCCT-GCAGTCGA","quiescent_stellate"
"human2_lib1.final_cell_0508","GATGTTCCAG-CGTATTTC","alpha"
"human2_lib1.final_cell_0509","AGGCAACG-CACTCCTC","alpha"
"human2_lib1.final_cell_0510","GATGGGATTC-TCCAGGGA","alpha"
"human2_lib1.final_cell_0511","TGATGTCTTTC-ATGCATGG","ductal"
"human2_lib1.final_cell_0512","GAATGGGCAC-TGTCTTTC","alpha"
"human2_lib1.final_cell_0513","ACGTGGATA-GGAGAAGC","beta"
"human2_lib1.final_cell_0514","TGAGCCACATC-CTTCGCAC","beta"
"human2_lib1.final_cell_0515","GACTTACTCC-TCGAAGCT","beta"
"human2_lib1.final_cell_0516","ACGGACAAC-GGCCTAAG","beta"
"human2_lib1.final_cell_0517","GATTTAACAG-CTCGCGTA","ductal"
"human2_lib1.final_cell_0518","TGAATGAAGCA-CGGGTAGT","alpha"
"human2_lib1.final_cell_0519","AAGAACGGG-CTTAGGTA","alpha"
"human2_lib1.final_cell_0520","ACGTATAC-CCTCGTCT","ductal"
"human2_lib1.final_cell_0521","CTTTAATC-TTAAGCGT","alpha"
"human2_lib1.final_cell_0522","GAAGGCAGTT-CCGCTGTT","beta"
"human2_lib1.final_cell_0523","ATTCCAGAC-TCCAGTCC","activated_stellate"
"human2_lib1.final_cell_0524","GAGAATTCGT-AACAATCC","ductal"
"human2_lib1.final_cell_0525","TTATAGCC-TCGGTACG","mast"
"human2_lib1.final_cell_0526","GATCCCAATC-CTCGATGC","alpha"
"human2_lib1.final_cell_0527","GAGGACTTCC-GGGAACGA","beta"
"human2_lib1.final_cell_0528","ACAACGTGG-CAATTAGT","alpha"
"human2_lib1.final_cell_0529","GACCCTTCAG-CTCGATGC","alpha"
"human2_lib1.final_cell_0530","GAGACGATGG-TTCGCTGG","beta"
"human2_lib1.final_cell_0531","ATAGTGGAC-CCCTTCAG","gamma"
"human2_lib1.final_cell_0532","AGGCAACG-TGTTCCAG","beta"
"human2_lib1.final_cell_0533","CGAACGTA-TAGCCTCG","ductal"
"human2_lib1.final_cell_0534","AATATACCT-CCCATAGC","ductal"
"human2_lib1.final_cell_0535","AGCACCTCT-AACCCTTG","ductal"
"human2_lib1.final_cell_0536","TGACTGGTGCA-TAGTCGCA","ductal"
"human2_lib1.final_cell_0537","TGACGAGTCTG-CCTGACAC","alpha"
"human2_lib1.final_cell_0538","AATCCCACG-CAGATTAC","beta"
"human2_lib1.final_cell_0539","AAATGACCC-AGAGGTGG","ductal"
"human2_lib1.final_cell_0540","GAGTTTCG-GCAAGGAC","beta"
"human2_lib1.final_cell_0541","TCCTTATT-TCACCGAG","endothelial"
"human2_lib1.final_cell_0542","AGAACGATT-GCAAGGAC","beta"
"human2_lib1.final_cell_0543","GACTTCTTCG-CAAGTCAT","beta"
"human2_lib1.final_cell_0544","AGAGACTA-TGTTTGAG","macrophage"
"human2_lib1.final_cell_0545","GATGACCCTC-GTTTACGT","gamma"
"human2_lib1.final_cell_0546","GAGAATTCGT-TAACCATC","ductal"
"human2_lib1.final_cell_0547","ATTCGTTCC-TGTTTGAG","ductal"
"human2_lib1.final_cell_0548","ACTTAGGTA-ACCACGCT","beta"
"human2_lib1.final_cell_0549","GTTTGTTT-CTTTCTTT","quiescent_stellate"
"human2_lib1.final_cell_0550","GGCCCTTA-TAGTCTAG","ductal"
"human2_lib1.final_cell_0551","GCTTTGGC-ATTCGACG","alpha"
"human2_lib1.final_cell_0552","AAGACACCA-AACCCTTG","alpha"
"human2_lib1.final_cell_0553","AGCACCTCT-TAACCCGT","ductal"
"human2_lib1.final_cell_0554","AGAGACTA-ACCTTCTT","alpha"
"human2_lib1.final_cell_0555","AATGTTTG-TTGTGACT","ductal"
"human2_lib1.final_cell_0556","TGACTAGTAAC-TTGCACGC","beta"
"human2_lib1.final_cell_0557","ACACTCCTC-TCCTTATT","alpha"
"human2_lib1.final_cell_0558","GGCCCTTA-AGTTTAGA","ductal"
"human2_lib1.final_cell_0559","TGAAACAATCC-TCCAGTCC","beta"
"human2_lib2.final_cell_0001","GAATGGAAAT-TCGTCATG","delta"
"human2_lib2.final_cell_0002","TGATCGACGGT-ATACTCTT","alpha"
"human2_lib2.final_cell_0003","AGTGGATGG-AGCTATGA","alpha"
"human2_lib2.final_cell_0004","AGGGAACGA-ATATAGGA","alpha"
"human2_lib2.final_cell_0005","AAGCTATGA-GAGCGGTA","alpha"
"human2_lib2.final_cell_0006","TGAGTAATCCC-CCAGCAGT","delta"
"human2_lib2.final_cell_0007","CTATAGAG-TGTTCCAG","ductal"
"human2_lib2.final_cell_0008","ACTTAGGTA-GCTTTGGC","alpha"
"human2_lib2.final_cell_0009","ATCTAGCAG-GTACACTC","delta"
"human2_lib2.final_cell_0010","ATTGTGACT-ACCACGCT","delta"
"human2_lib2.final_cell_0011","GACGACTCCT-AACCTGAC","delta"
"human2_lib2.final_cell_0012","CATCGCAG-GCAACCTG","activated_stellate"
"human2_lib2.final_cell_0013","AGCAGAAC-AGAAGTTA","beta"
"human2_lib2.final_cell_0014","TAGCTTAT-TCATCCTT","delta"
"human2_lib2.final_cell_0015","AAGACACCA-ACTTCAAT","ductal"
"human2_lib2.final_cell_0016","GAGAATTCGT-GCCAAGAT","ductal"
"human2_lib2.final_cell_0017","AACCTGAC-ATTTCCGG","ductal"
"human2_lib2.final_cell_0018","ACGTGGATA-TTTATCAC","ductal"
"human2_lib2.final_cell_0019","ATTTCCGG-GGGAAGGT","alpha"
"human2_lib2.final_cell_0020","ATAGTGGAC-CTCAGAAT","delta"
"human2_lib2.final_cell_0021","GCTTTGGC-GGAAACAG","macrophage"
"human2_lib2.final_cell_0022","TCGAAGCT-GGGCCAAT","beta"
"human2_lib2.final_cell_0023","GAATGGAAAT-TATTGCCT","delta"
"human2_lib2.final_cell_0024","CGGCACAT-AGCTACGG","ductal"
"human2_lib2.final_cell_0025","AAAACCTCC-GAGCGGTA","beta"
"human2_lib2.final_cell_0026","GTTACGAT-CTGGTGCA","delta"
"human2_lib2.final_cell_0027","ACTCCGCAT-GATTTACC","alpha"
"human2_lib2.final_cell_0028","CATCGCAG-CGACTCCT","alpha"
"human2_lib2.final_cell_0029","TGAATACCCAG-TCACGTTT","activated_stellate"
"human2_lib2.final_cell_0030","GAGAGAATTG-TTCCAGAC","ductal"
"human2_lib2.final_cell_0031","TGCGACAG-GAGTTTCG","beta"
"human2_lib2.final_cell_0032","AATGTTGGC-ATTCCTTG","ductal"
"human2_lib2.final_cell_0033","AACTCACCG-TCGTCATG","alpha"
"human2_lib2.final_cell_0034","GAAGTTTAGA-GTTGCACG","delta"
"human2_lib2.final_cell_0035","AGGTGACAC-TCGGTTTA","ductal"
"human2_lib2.final_cell_0036","GTTCAACT-GCTTTGGC","ductal"
"human2_lib2.final_cell_0037","CGAACGTA-CCACATTA","beta"
"human2_lib2.final_cell_0038","GGGTTGGT-GATGTATT","alpha"
"human2_lib2.final_cell_0039","GAGAGAATTG-CAACGTGG","alpha"
"human2_lib2.final_cell_0040","TGAAGCGCGAT-GTCAAAGA","beta"
"human2_lib2.final_cell_0041","ATAGTCGCA-ATCAAGTG","alpha"
"human2_lib2.final_cell_0042","AGAAGTGCC-AGAAGTTA","beta"
"human2_lib2.final_cell_0043","AGAGGTGG-TCGGTTCG","ductal"
"human2_lib2.final_cell_0044","TGATAGAAATG-AACTTAGC","ductal"
"human2_lib2.final_cell_0045","TAGCTTAT-GGCGTTAG","ductal"
"human2_lib2.final_cell_0046","GAGACGATGG-GAATTCGT","beta"
"human2_lib2.final_cell_0047","TGAGTGGAGCT-ATTCAGTA","delta"
"human2_lib2.final_cell_0048","TACAGCCG-CAGTTTGC","beta"
"human2_lib2.final_cell_0049","AACTCACCG-GTCCGTAC","beta"
"human2_lib2.final_cell_0050","TGAATTCGACG-GCCAAGAT","ductal"
"human2_lib2.final_cell_0051","GAATTGGGCC-GGGTTGGT","alpha"
"human2_lib2.final_cell_0052","ACCTTGCC-GAGAATTG","ductal"
"human2_lib2.final_cell_0053","TGAAGAAGTTA-TTCCAGAC","ductal"
"human2_lib2.final_cell_0054","CAGTTTGC-AATTCCCA","beta"
"human2_lib2.final_cell_0055","ACCCTAACC-CGTATTTC","alpha"
"human2_lib2.final_cell_0056","TGACAAGTCAT-TCGGTTTA","beta"
"human2_lib2.final_cell_0057","AGGTCACAG-ACACTAAG","beta"
"human2_lib2.final_cell_0058","GACGTCAGCA-AGAACGGG","beta"
"human2_lib2.final_cell_0059","ATTAGGACC-CGTGGATA","alpha"
"human2_lib2.final_cell_0060","AAATCGGGT-AACAATCC","alpha"
"human2_lib2.final_cell_0061","ATATGCAT-GCGCATTC","beta"
"human2_lib2.final_cell_0062","TGGCTACC-ACTTCAAT","beta"
"human2_lib2.final_cell_0063","AGGTGACAC-GGCGTTAG","alpha"
"human2_lib2.final_cell_0064","TGAAAACTGGT-AAGATTGT","beta"
"human2_lib2.final_cell_0065","ATAGTGGAC-AGCGAAGT","beta"
"human2_lib2.final_cell_0066","TGCAAGGG-GGGCCAAT","beta"
"human2_lib2.final_cell_0067","AGCAACCTG-GACAGATA","ductal"
"human2_lib2.final_cell_0068","ACCCTTGGT-GGCCCTTA","beta"
"human2_lib2.final_cell_0069","AGAAGTGCC-GGCTACTA","activated_stellate"
"human2_lib2.final_cell_0070","GAACTAGGAT-CAGTCCCT","beta"
"human2_lib2.final_cell_0071","CTTTAATC-GTGTCGGA","ductal"
"human2_lib2.final_cell_0072","AAGCTATGA-TCTAGCAG","beta"
"human2_lib2.final_cell_0073","AAAAGTCGG-CGCCTTGA","beta"
"human2_lib2.final_cell_0074","GAGAAAGACC-GGATAAAG","alpha"
"human2_lib2.final_cell_0075","TCATATGG-CGTCAGCA","ductal"
"human2_lib2.final_cell_0076","TGAAAACTGGT-AAAGTCGG","ductal"
"human2_lib2.final_cell_0077","AGTTTACGT-CTTACTCC","beta"
"human2_lib2.final_cell_0078","AAATGACCC-ATGACCGA","ductal"
"human2_lib2.final_cell_0079","TGGTATGA-ATGACCGA","alpha"
"human2_lib2.final_cell_0080","AACGCAGAG-ACTTCAAT","ductal"
"human2_lib2.final_cell_0081","ACCGTGTTT-GGGAGGTA","gamma"
"human2_lib2.final_cell_0082","ATCGGTTCG-TAAATAGG","alpha"
"human2_lib2.final_cell_0083","GATTGATCTA-ATGACCGA","beta"
"human2_lib2.final_cell_0084","GACACGGACT-TCATGAGG","beta"
"human2_lib2.final_cell_0085","GAAGGCAGTT-TGCGACAG","activated_stellate"
"human2_lib2.final_cell_0086","CATCGCAG-TGTCTTTC","beta"
"human2_lib2.final_cell_0087","GAACACTAAG-CGACTCCT","beta"
"human2_lib2.final_cell_0088","GACGTCAGCA-CGTCAGCA","alpha"
"human2_lib2.final_cell_0089","TTATCTGT-TTTAACAG","beta"
"human2_lib2.final_cell_0090","AAGTGAAAG-GTTGTCAT","gamma"
"human2_lib2.final_cell_0091","ATCTGCATC-GGAAACAG","beta"
"human2_lib2.final_cell_0092","AGGTGACAC-CACAAGGC","alpha"
"human2_lib2.final_cell_0093","GAGGACTTCC-CGAGATGT","ductal"
"human2_lib2.final_cell_0094","ATTAGGACC-AAATGTCG","beta"
"human2_lib2.final_cell_0095","TGACACAGTTT-CCACATTA","alpha"
"human2_lib2.final_cell_0096","TGATCCCTGAT-GGATAAAG","alpha"
"human2_lib2.final_cell_0097","CTTTCTTT-TGGCTACC","beta"
"human2_lib2.final_cell_0098","TGAGGAATAGA-TGTCTTTC","alpha"
"human2_lib2.final_cell_0099","GATGGGATTC-TGTTCCAG","alpha"
"human2_lib2.final_cell_0100","AACTCACCG-GGCCCTTA","alpha"
"human2_lib2.final_cell_0101","AGTGGATGG-AATTCCCA","alpha"
"human2_lib2.final_cell_0102","CAGTTTGC-AGCGCCTT","activated_stellate"
"human2_lib2.final_cell_0103","TCCAGGGA-TGACCCTC","alpha"
"human2_lib2.final_cell_0104","ACCGTGTTT-TCCGTCCA","activated_stellate"
"human2_lib2.final_cell_0105","ACCCTAACC-ATACTCTT","beta"
"human2_lib2.final_cell_0106","AATTCAGTA-GGGAGGTA","gamma"
"human2_lib2.final_cell_0107","AATTCAGTA-AACCCTTG","alpha"
"human2_lib2.final_cell_0108","GAAGTGATGC-TAAATAGG","beta"
"human2_lib2.final_cell_0109","TGAAGCGCGAT-GCAGCATG","delta"
"human2_lib2.final_cell_0110","AAGCTACGG-ATATGCAT","ductal"
"human2_lib2.final_cell_0111","GACAAGAGGG-CGATTGAT","alpha"
"human2_lib2.final_cell_0112","TAAATAGG-GCAGCATG","activated_stellate"
"human2_lib2.final_cell_0113","TGAGAAGCACT-TTGATTCT","beta"
"human2_lib2.final_cell_0114","ATTGGATCG-CTGAGTGC","alpha"
"human2_lib2.final_cell_0115","AATTCCCA-GAGAATTG","alpha"
"human2_lib2.final_cell_0116","ATTTGGGAG-AGAAGTCC","alpha"
"human2_lib2.final_cell_0117","AATCCCACG-TTGTTTAC","beta"
"human2_lib2.final_cell_0118","TGAGTAATCCC-GAAGGCTT","beta"
"human2_lib2.final_cell_0119","TGATCCCGTAG-GGATAAAG","activated_stellate"
"human2_lib2.final_cell_0120","GGAGAAGC-GCACCTCT","macrophage"
"human2_lib2.final_cell_0121","AAGTGAAAG-ACGCTCAG","ductal"
"human2_lib2.final_cell_0122","GAGAATTCGT-ATATCTTC","beta"
"human2_lib2.final_cell_0123","TGAGGCGGTTT-ACGTATAC","beta"
"human2_lib2.final_cell_0124","ATGCTCCGT-CTAGTAAC","alpha"
"human2_lib2.final_cell_0125","GTACCTTG-CAACGTGG","beta"
"human2_lib2.final_cell_0126","TGACCTGTTAT-TCGACGGT","beta"
"human2_lib2.final_cell_0127","AGTGGATGG-TTGGCGTT","ductal"
"human2_lib2.final_cell_0128","GAAAGATTGT-GAGCGGTA","alpha"
"human2_lib2.final_cell_0129","TGACACAGTTT-TAAATAGG","delta"
"human2_lib2.final_cell_0130","GATGGGATTC-CCCATAGC","beta"
"human2_lib2.final_cell_0131","ATCAGCGC-GATGTGAG","beta"
"human2_lib2.final_cell_0132","TGATTCGCTGG-GATTGCGA","alpha"
"human2_lib2.final_cell_0133","AGCCAAGAT-TCCGTCCA","beta"
"human2_lib2.final_cell_0134","AAATCAGA-TTAGGACC","alpha"
"human2_lib2.final_cell_0135","ATTCGTTCC-ATTCGACG","beta"
"human2_lib2.final_cell_0136","AATGCGGAT-TGCTATTT","ductal"
"human2_lib2.final_cell_0137","GACCCGAATG-AGGCAACG","beta"
"human2_lib2.final_cell_0138","AAGCTATGA-AAAGTCGG","alpha"
"human2_lib2.final_cell_0139","TGAGCAAGGAC-ACGCAGAG","alpha"
"human2_lib2.final_cell_0140","CTTTCTTT-GCAAGGAC","delta"
"human2_lib2.final_cell_0141","TGATTGTCGCC-GTTACCGC","beta"
"human2_lib2.final_cell_0142","TAGCTTAT-CTAGATTG","beta"
"human2_lib2.final_cell_0143","GAACTAGGAT-CTTACTCC","alpha"
"human2_lib2.final_cell_0144","AGCAAAGCC-GGGAAGGT","macrophage"
"human2_lib2.final_cell_0145","AAGTGAAAG-GCTTTCCA","activated_stellate"
"human2_lib2.final_cell_0146","GAGGGAGGTA-TTGTTTAC","ductal"
"human2_lib2.final_cell_0147","TGACATACATT-CCACATTA","beta"
"human2_lib2.final_cell_0148","GAGACAGATA-GTAATCCC","alpha"
"human2_lib2.final_cell_0149","TGACACAAGGC-TCTGCATC","delta"
"human2_lib2.final_cell_0150","TGAGAGTTCAC-GTCGTCGT","macrophage"
"human2_lib2.final_cell_0151","TGAGAAGCACT-GGTGGGAT","delta"
"human2_lib2.final_cell_0152","GATCGGTTTA-CGTATTTC","alpha"
"human2_lib2.final_cell_0153","GATCTCAACC-TCCAGTCC","ductal"
"human2_lib2.final_cell_0154","AGTTACCGC-GGATAAAG","acinar"
"human2_lib2.final_cell_0155","TTAAGCGT-ACTGCCGT","delta"
"human2_lib2.final_cell_0156","AAATGAATG-CGAATAAT","alpha"
"human2_lib2.final_cell_0157","CCAACCGT-GCAAGGAC","ductal"
"human2_lib2.final_cell_0158","TGAAGGATTCA-GGGAAATC","ductal"
"human2_lib2.final_cell_0159","GTAACGTT-GACGATGG","alpha"
"human2_lib2.final_cell_0160","GATCCCAATC-GTTAACCA","beta"
"human2_lib2.final_cell_0161","GTACCTTG-GGAAACAG","ductal"
"human2_lib2.final_cell_0162","AAGCTATGA-TAGTCTAG","ductal"
"human2_lib2.final_cell_0163","AATGTTTG-TGTCTTTC","alpha"
"human2_lib2.final_cell_0164","TTGCATAT-GATCGTTT","alpha"
"human2_lib2.final_cell_0165","TGAAGGTTGTG-TCGACGGT","delta"
"human2_lib2.final_cell_0166","TGAAGAAGTTA-ATGGATTA","delta"
"human2_lib2.final_cell_0167","ACCCACGA-TGGCCTGT","alpha"
"human2_lib2.final_cell_0168","AAGTGAAAG-TGTTCCAG","alpha"
"human2_lib2.final_cell_0169","GATTGAGGGT-ATTCAGTA","ductal"
"human2_lib2.final_cell_0170","AAAATCGTT-TCATGAGG","alpha"
"human2_lib2.final_cell_0171","TTGGACTT-GTCAAAGA","alpha"
"human2_lib2.final_cell_0172","TGAGTTCTGTT-GAATTCGT","delta"
"human2_lib2.final_cell_0173","ATCTGCATC-GGCGTTAG","alpha"
"human2_lib2.final_cell_0174","GAGAATACGC-AATCGGGT","beta"
"human2_lib2.final_cell_0175","ATCCGCTA-ATATCTTC","beta"
"human2_lib2.final_cell_0176","TGATAACCCGT-GACAAAGG","alpha"
"human2_lib2.final_cell_0177","GATGACGGAC-GCTTTGGC","ductal"
"human2_lib2.final_cell_0178","ATCTGCATC-TTGTGACT","delta"
"human2_lib2.final_cell_0179","AAATGAATG-CGTGGATA","alpha"
"human2_lib2.final_cell_0180","AGGTGACAC-AATGTTTG","activated_stellate"
"human2_lib2.final_cell_0181","ACTGCGTTG-TAGTCGCA","delta"
"human2_lib2.final_cell_0182","TGACTTGGTGT-CCTCGTCT","beta"
"human2_lib2.final_cell_0183","TGAACGCTCAG-CTTAGGTA","gamma"
"human2_lib2.final_cell_0184","GAAGTTTAGA-TGTGGCTA","delta"
"human2_lib2.final_cell_0185","GATGTAGTTT-GGATAAAG","gamma"
"human2_lib2.final_cell_0186","GACTGTCTGG-CGTCAGCA","beta"
"human2_lib2.final_cell_0187","AATTCCCA-GGGTGTAT","ductal"
"human2_lib2.final_cell_0188","ACCCGACTT-GCTCTAGT","alpha"
"human2_lib2.final_cell_0189","ACACTCCTC-AGGAAGAC","ductal"
"human2_lib2.final_cell_0190","TGCGACAG-GGTTAGTG","alpha"
"human2_lib2.final_cell_0191","AAGCTATGA-ATTGGGCC","ductal"
"human2_lib2.final_cell_0192","TGAGAGGCTGA-TACAAACT","beta"
"human2_lib2.final_cell_0193","GACAAGAGGG-CTCGATGC","ductal"
"human2_lib2.final_cell_0194","ACCCTTGGT-AACAATCC","alpha"
"human2_lib2.final_cell_0195","CCCAAGCA-CTTCGCAC","beta"
"human2_lib2.final_cell_0196","ATCACGTTT-TTCGTTCC","beta"
"human2_lib2.final_cell_0197","GAGACGATGG-TTGTTTAC","ductal"
"human2_lib2.final_cell_0198","CAGTTTGC-CGTAGAAG","beta"
"human2_lib2.final_cell_0199","TGAAAATGTCG-ACAGCGGA","alpha"
"human2_lib2.final_cell_0200","TGAAGAAGTTA-CTAGACCC","ductal"
"human2_lib2.final_cell_0201","ATTTATCAC-CTTCTGGA","activated_stellate"
"human2_lib2.final_cell_0202","AGGTCACAG-GGTCCCTT","alpha"
"human2_lib2.final_cell_0203","AAGCGCCTT-GATTGCGA","beta"
"human2_lib2.final_cell_0204","AGTTACCGC-CGCTAGTC","beta"
"human2_lib2.final_cell_0205","AGCTTTCCA-GCCGGATT","ductal"
"human2_lib2.final_cell_0206","TGAAAATGTCG-GAGTTTCG","alpha"
"human2_lib2.final_cell_0207","CGTATTTC-TTGATTCT","ductal"
"human2_lib2.final_cell_0208","GTTGCACG-ACGCTCAG","alpha"
"human2_lib2.final_cell_0209","AATATCTTC-TCTGCATC","alpha"
"human2_lib2.final_cell_0210","GGAAACAG-TGCTCCGT","alpha"
"human2_lib2.final_cell_0211","GACCTATTCA-TGGCCTGT","alpha"
"human2_lib2.final_cell_0212","AACTTAGC-GATTGCGA","alpha"
"human2_lib2.final_cell_0213","AAAAGCCTA-CTGGTGCA","beta"
"human2_lib2.final_cell_0214","TGATAGAAATG-CTTTAATC","ductal"
"human2_lib2.final_cell_0215","ATTGATTCT-GGGCCAAT","alpha"
"human2_lib2.final_cell_0216","CTTTCTTT-ATGCGGAT","alpha"
"human2_lib2.final_cell_0217","ATGGCCTGT-AAACCTCC","alpha"
"human2_lib2.final_cell_0218","TGGTATGA-CGTATTTC","ductal"
"human2_lib2.final_cell_0219","GAGATTGCGA-ACGAAACG","beta"
"human2_lib2.final_cell_0220","GAGAGCCCAT-TCATGAGG","ductal"
"human2_lib2.final_cell_0221","AGCAGAAC-GTCCAAAG","activated_stellate"
"human2_lib2.final_cell_0222","GTAACGTT-ACTAGCCA","alpha"
"human2_lib2.final_cell_0223","GTTGCACG-TGGGATTC","beta"
"human2_lib2.final_cell_0224","AAAATCGTT-GAAGGCTT","alpha"
"human2_lib2.final_cell_0225","GATGTAAAGG-AAGCTTCT","alpha"
"human2_lib2.final_cell_0226","TGAAGGTTGTG-CATTTGTT","ductal"
"human2_lib2.final_cell_0227","TCATATGG-GGGCCAAT","alpha"
"human2_lib2.final_cell_0228","GGATAAAG-GCTCTAGT","alpha"
"human2_lib2.final_cell_0229","CGTATTTC-CCCATCTG","beta"
"human2_lib2.final_cell_0230","CGGCACAT-GGTGACAC","beta"
"human2_lib2.final_cell_0231","TGACACAGTTT-AAGTAATC","beta"
"human2_lib2.final_cell_0232","AGGCCTAAG-TAGCTTAT","beta"
"human2_lib2.final_cell_0233","GAATGGGCAC-GGCATGCT","ductal"
"human2_lib2.final_cell_0234","AGGTGACAC-TGCGTATC","macrophage"
"human2_lib2.final_cell_0235","ATGTGTCCT-TCGACGGT","alpha"
"human2_lib2.final_cell_0236","GACAGTCCCT-CGTGGATA","ductal"
"human2_lib2.final_cell_0237","TGAAAACTGGT-TTGTTTAC","alpha"
"human2_lib2.final_cell_0238","ATTGATTCT-CTCGCGTA","beta"
"human2_lib2.final_cell_0239","GAAGTTTAGA-ATCAAGTG","beta"
"human2_lib2.final_cell_0240","TAGCCTCG-AGAGACTA","ductal"
"human2_lib2.final_cell_0241","CCCAAGCA-CCGCAACT","beta"
"human2_lib2.final_cell_0242","ACTACTTGT-GGGAAGGT","delta"
"human2_lib2.final_cell_0243","TTATCTGT-AAGCGTAC","quiescent_stellate"
"human2_lib2.final_cell_0244","AAAATCGTT-TTGATTCT","alpha"
"human2_lib2.final_cell_0245","AGCAAAGCC-ACCACGCT","alpha"
"human2_lib2.final_cell_0246","GAGAATTCGT-GGGTTGGT","beta"
"human2_lib2.final_cell_0247","GATGTACACG-CATACATT","ductal"
"human2_lib2.final_cell_0248","AGATGTATT-GTTCAACT","beta"
"human2_lib2.final_cell_0249","AGTGGATGG-GCATGGGT","alpha"
"human2_lib2.final_cell_0250","GATGCCATCG-GGGAACCT","beta"
"human2_lib2.final_cell_0251","AATCCCACG-TTCGCTGG","alpha"
"human2_lib2.final_cell_0252","AGCAAAGCC-CGGACAAC","beta"
"human2_lib2.final_cell_0253","TGAGGCGGTTT-CACTCCTC","beta"
"human2_lib2.final_cell_0254","GACGAATAAT-TGCGACAG","beta"
"human2_lib2.final_cell_0255","GAATGGGCAC-TGGAGGAG","beta"
"human2_lib2.final_cell_0256","AAAGGTAAT-TACAGCCG","alpha"
"human2_lib2.final_cell_0257","AACGCAGAG-CATCTCCC","alpha"
"human2_lib2.final_cell_0258","ATTAGGACC-CTAGTAAC","beta"
"human2_lib2.final_cell_0259","GGTGGGAT-GACGATGG","alpha"
"human2_lib2.final_cell_0260","GGGTTGGT-CCCAAGCA","delta"
"human2_lib2.final_cell_0261","TGAAGCGCGAT-CCACATTA","alpha"
"human2_lib2.final_cell_0262","TGACAAGTCAT-TTCGGCCT","beta"
"human2_lib2.final_cell_0263","ATCTAGCAG-TGGAGGAG","schwann"
"human2_lib2.final_cell_0264","AGCACCAC-GAAAGACC","beta"
"human2_lib2.final_cell_0265","ACCTTGCC-TAACCCGT","beta"
"human2_lib2.final_cell_0266","TGAGCCGGATT-TGTTCCAG","alpha"
"human2_lib2.final_cell_0267","GACGCTAGTC-ATGCATGG","alpha"
"human2_lib2.final_cell_0268","AGCAGAAC-TGCGACAG","alpha"
"human2_lib2.final_cell_0269","GATTGGCGTT-CAAGTCAT","beta"
"human2_lib2.final_cell_0270","GAGACAGATA-GAAGTGCC","alpha"
"human2_lib2.final_cell_0271","TGAGCGCATTC-CGACGTCA","beta"
"human2_lib2.final_cell_0272","CATCGCAG-TGTGTCCT","ductal"
"human2_lib2.final_cell_0273","AGTCAAAGA-ACTAGCCA","ductal"
"human2_lib2.final_cell_0274","AGGGAAGGT-TCGTCATG","gamma"
"human2_lib2.final_cell_0275","CCCATCTG-TCTGCATC","beta"
"human2_lib2.final_cell_0276","AATGTTGGC-AAGCGTAC","alpha"
"human2_lib2.final_cell_0277","ACCCTTGGT-TTCCAGAC","ductal"
"human2_lib2.final_cell_0278","TGAGTACACTC-ACACTAAG","beta"
"human2_lib2.final_cell_0279","TGACTTCGCAC-CTTGGTGT","ductal"
"human2_lib2.final_cell_0280","TGACTCAGAAT-TTCACATA","ductal"
"human2_lib2.final_cell_0281","GACGATTGAT-GCCAAGAT","alpha"
"human2_lib2.final_cell_0282","AAAATCGTT-TTGGATCG","activated_stellate"
"human2_lib2.final_cell_0283","GATGACCCTC-TTAGTCCG","delta"
"human2_lib2.final_cell_0284","AACCCATAT-TTGCACGC","beta"
"human2_lib2.final_cell_0285","TGAGTTCTGTT-GCGCATTC","beta"
"human2_lib2.final_cell_0286","TGACGAGTCTG-GGAAACAG","beta"
"human2_lib2.final_cell_0287","TGAATGAAGCA-TTGTCGCC","alpha"
"human2_lib2.final_cell_0288","AGAGACTA-TCTGTGGT","alpha"
"human2_lib2.final_cell_0289","TAGCTTAT-CACAACAG","alpha"
"human2_lib2.final_cell_0290","GACAGTCCCT-TGTCTTTC","activated_stellate"
"human2_lib2.final_cell_0291","ACGGAATTT-AGAACGGG","alpha"
"human2_lib2.final_cell_0292","GAAGTTTAGA-GGGAACGA","alpha"
"human2_lib2.final_cell_0293","GATAACCATC-AGCTACGG","alpha"
"human2_lib2.final_cell_0294","GAGGGAACCT-GGGAACGA","alpha"
"human2_lib2.final_cell_0295","ATCTTTGT-GATCGTTT","alpha"
"human2_lib2.final_cell_0296","GAGAGAATTG-AGCGTAGG","delta"
"human2_lib2.final_cell_0297","GAGAGAGTAT-TTCACATA","alpha"
"human2_lib2.final_cell_0298","AAGCTTCT-GGGAGGTA","gamma"
"human2_lib2.final_cell_0299","GATGCCATCG-GAATACGC","alpha"
"human2_lib2.final_cell_0300","GAGTTTCG-CTTGGTGT","alpha"
"human2_lib2.final_cell_0301","GACACGGACT-ATGGAAAT","gamma"
"human2_lib2.final_cell_0302","ACCCTTGGT-TCATCCTT","alpha"
"human2_lib2.final_cell_0303","AATTCCCA-TCACCGAG","alpha"
"human2_lib2.final_cell_0304","ATGTGTCCT-TAAATAGG","alpha"
"human2_lib2.final_cell_0305","AAGCGAAGT-CGGACAAC","alpha"
"human2_lib2.final_cell_0306","CCGCTGTT-AGTGAAAG","ductal"
"human2_lib2.final_cell_0307","TGCCTCAC-GTTCAACT","alpha"
"human2_lib2.final_cell_0308","TGAGGTTTCTC-CGTGCTAG","activated_stellate"
"human2_lib2.final_cell_0309","GCATGGGT-TCTGCATC","alpha"
"human2_lib2.final_cell_0310","GAGGGAACCT-CAATTAGT","delta"
"human2_lib2.final_cell_0311","GATAACCATC-TCCCTGAT","alpha"
"human2_lib2.final_cell_0312","ACCCTTGGT-ATTCAGTA","alpha"
"human2_lib2.final_cell_0313","TGAACATCTAT-GTTCTGTT","alpha"
"human2_lib2.final_cell_0314","AATATACCT-GGCTACTA","ductal"
"human2_lib2.final_cell_0315","TGACTGTTCTT-AAATCGTT","delta"
"human2_lib2.final_cell_0316","AGCCAAGAT-TCCAGGGA","alpha"
"human2_lib2.final_cell_0317","ACTACTTGT-CTTTAATC","alpha"
"human2_lib2.final_cell_0318","GTTCAACT-AGGATTCA","alpha"
"human2_lib2.final_cell_0319","AATGTTTG-AGAGGTGG","alpha"
"human2_lib2.final_cell_0320","CCAACCGT-GACAACTT","beta"
"human2_lib2.final_cell_0321","TGATTGCACGC-ATGGAAAT","beta"
"human2_lib2.final_cell_0322","GACCTATTCA-TCGGTTTA","alpha"
"human2_lib2.final_cell_0323","ATTTGGGAG-CCCAAGCA","activated_stellate"
"human2_lib2.final_cell_0324","GTTGCACG-AAACGCCT","alpha"
"human2_lib2.final_cell_0325","GATACCAGGC-ACCCACGA","beta"
"human2_lib2.final_cell_0326","TGAGGCGGTTT-CAACGTGG","alpha"
"human2_lib2.final_cell_0327","GATGTTCCAG-CTCGATGC","beta"
"human2_lib2.final_cell_0328","GTTACGAT-TTAAACTG","beta"
"human2_lib2.final_cell_0329","GTACCTTG-CCAGCAGT","alpha"
"human2_lib2.final_cell_0330","TGACAACAAAT-ATATACCT","alpha"
"human2_lib2.final_cell_0331","CGCTAATA-GGTGGGAT","activated_stellate"
"human2_lib2.final_cell_0332","CGGCACAT-GACGATGG","beta"
"human2_lib2.final_cell_0333","TGAAGGTTGTG-TGGCCTGT","alpha"
"human2_lib2.final_cell_0334","AACCTGAC-GGAAACAG","beta"
"human2_lib2.final_cell_0335","TTTGTGTC-CACTTTCT","delta"
"human2_lib2.final_cell_0336","GACCCATAGC-TAGCTTAT","beta"
"human2_lib2.final_cell_0337","GACTGTCTGG-CGTACCTA","alpha"
"human2_lib2.final_cell_0338","TGAAACACACG-TAGTGGAC","beta"
"human2_lib2.final_cell_0339","ATTTCCGG-ATGACTTT","gamma"
"human2_lib2.final_cell_0340","GATTCCGAGT-TTGGCGTT","alpha"
"human2_lib2.final_cell_0341","TTTGTGTC-CAGATTAC","alpha"
"human2_lib2.final_cell_0342","TGACACAACAG-CACAACAG","alpha"
"human2_lib2.final_cell_0343","ACCTTGCC-GACAACTT","beta"
"human2_lib2.final_cell_0344","ACCGCAACT-ACAGCGGA","beta"
"human2_lib2.final_cell_0345","ACGTATAC-ACCCATAT","beta"
"human2_lib2.final_cell_0346","GATCTCAACC-AGATGGCT","activated_stellate"
"human2_lib2.final_cell_0347","GATTCCGAGT-CCGCTGTT","endothelial"
"human2_lib2.final_cell_0348","GAGCGGTA-ATGACCGA","macrophage"
"human2_lib2.final_cell_0349","TGAAAACTGGT-GTCCAAAG","alpha"
"human2_lib2.final_cell_0350","AGTGGATGG-ACTGAGTT","alpha"
"human2_lib2.final_cell_0351","AACCTGAC-TTCCAGAC","gamma"
"human2_lib2.final_cell_0352","TGATCGTCATG-CACAACAG","alpha"
"human2_lib2.final_cell_0353","GATGCCATCG-AGCTATGA","endothelial"
"human2_lib2.final_cell_0354","TGAGCCACATC-ATGCGGAT","alpha"
"human2_lib2.final_cell_0355","AAGCTATGA-TCGAAGCT","alpha"
"human2_lib2.final_cell_0356","ACTGAGTGC-GACAGATA","alpha"
"human2_lib2.final_cell_0357","AGGCCTAAG-TTGGACTT","beta"
"human2_lib2.final_cell_0358","AACTCACCG-TTGGATCG","quiescent_stellate"
"human2_lib2.final_cell_0359","GATAACCATC-CTACGAGC","beta"
"human2_lib2.final_cell_0360","ACTGAGTGC-CAGATTAC","alpha"
"human2_lib2.final_cell_0361","TTGCATAT-TGCGTATC","ductal"
"human2_lib2.final_cell_0362","ACGGACAAC-CTAGTAAC","ductal"
"human2_lib2.final_cell_0363","TGATCGACACC-CACTTTCT","alpha"
"human2_lib2.final_cell_0364","GACAGTCCCT-GTGTCGGA","alpha"
"human2_lib2.final_cell_0365","GACCCTTCAG-TCCAGTCC","ductal"
"human2_lib2.final_cell_0366","ACCTTCTT-CGACGTCA","beta"
"human2_lib2.final_cell_0367","TGAACTAGCCA-AGTTTAGA","alpha"
"human2_lib2.final_cell_0368","GACGAGATGT-GCTTTCCA","alpha"
"human2_lib2.final_cell_0369","AATTCAGTA-CTAGACCC","ductal"
"human2_lib2.final_cell_0370","TGACGAGTCTG-GAGTTTCG","beta"
"human2_lib2.final_cell_0371","TGAATGAAGCA-TAGTCGCA","endothelial"
"human2_lib2.final_cell_0372","TGAAACACACG-TACAGCCG","alpha"
"human2_lib2.final_cell_0373","AAATGACCC-TGTGTCCT","alpha"
"human2_lib2.final_cell_0374","AATATCTTC-GCAAGGAC","alpha"
"human2_lib2.final_cell_0375","TGATGATAACA-AGAACGGG","activated_stellate"
"human2_lib2.final_cell_0376","GAGCGTTGCT-TACCAGGC","ductal"
"human2_lib2.final_cell_0377","GATAACCATC-CATCGCAG","alpha"
"human2_lib2.final_cell_0378","TGATGTTTGAG-TAAGACGG","gamma"
"human2_lib2.final_cell_0379","TGACTACCGTT-TGTGGCTA","alpha"
"human2_lib2.final_cell_0380","AAGCTACGG-TGTCTTTC","alpha"
"human2_lib2.final_cell_0381","GAATTCCTTG-GTCGTCGT","ductal"
"human2_lib2.final_cell_0382","TCATATGG-ATATACCT","quiescent_stellate"
"human2_lib2.final_cell_0383","GACGTACCTA-ATTCAGTA","ductal"
"human2_lib2.final_cell_0384","AGGGTGTAT-GTCTCTCT","ductal"
"human2_lib2.final_cell_0385","TGATCCCGTAG-GAGTTTCG","alpha"
"human2_lib2.final_cell_0386","TGAGTGGAGCT-TGTCTTTC","activated_stellate"
"human2_lib2.final_cell_0387","CCCATCTG-TTGATCTA","gamma"
"human2_lib2.final_cell_0388","GAGCGGTA-GGTGACAC","ductal"
"human2_lib2.final_cell_0389","AGGCAACG-TGGGATTC","endothelial"
"human2_lib2.final_cell_0390","TGAACATCTAT-GGCATGCT","alpha"
"human2_lib2.final_cell_0391","GATGAGGTCT-CCAGCAGT","ductal"
"human2_lib2.final_cell_0392","GATACAAACT-CGGACAAC","beta"
"human2_lib2.final_cell_0393","TGAGCGCATTC-ATGACCGA","ductal"
"human2_lib2.final_cell_0394","GAAAGATTGT-CGAGATGT","macrophage"
"human2_lib2.final_cell_0395","GAAGTTTAGA-CTTGGTGT","alpha"
"human2_lib2.final_cell_0396","TGAATGACTTT-ATTTCCGG","alpha"
"human2_lib2.final_cell_0397","TGATTGTTTAC-TGTGTCCT","beta"
"human2_lib2.final_cell_0398","GAGGACTTCC-CGACTCCT","beta"
"human2_lib2.final_cell_0399","GACTAGACCC-CTACCGTT","beta"
"human2_lib2.final_cell_0400","GAATTCCTTG-TTTATCAC","alpha"
"human2_lib2.final_cell_0401","AAGCTATGA-GCAAAGCC","activated_stellate"
"human2_lib2.final_cell_0402","TGACGAGTCTG-GAAGGCTT","alpha"
"human2_lib2.final_cell_0403","GACGTCAGCA-GATTTACC","ductal"
"human2_lib2.final_cell_0404","TGATATTGCCT-GCAAGGAC","alpha"
"human2_lib2.final_cell_0405","GCTTTGGC-TCACCGAG","alpha"
"human2_lib2.final_cell_0406","GACCACATTA-CGTCAGCA","alpha"
"human2_lib2.final_cell_0407","TGAGGCTACTA-AATGTTTG","alpha"
"human2_lib2.final_cell_0408","ATTAGGACC-AACAATCC","gamma"
"human2_lib2.final_cell_0409","AACTTAGC-GTTCAACT","beta"
"human2_lib2.final_cell_0410","TAGTCTAG-GCAAAGCC","ductal"
"human2_lib2.final_cell_0411","TTATCTGT-CGTAGAAG","beta"
"human2_lib2.final_cell_0412","TGACACAACAG-TTGGACTT","alpha"
"human2_lib2.final_cell_0413","GACGAATAAT-CTCAGAAT","beta"
"human2_lib2.final_cell_0414","GACCACATTA-AAGCGTAC","alpha"
"human2_lib2.final_cell_0415","AAGCTATGA-TACGTGCT","alpha"
"human2_lib2.final_cell_0416","AAAACTCGA-ACCTTGCC","beta"
"human2_lib2.final_cell_0417","ATCAGCGC-CACGGACT","alpha"
"human2_lib2.final_cell_0418","GTACCTTG-TACGTGCT","alpha"
"human2_lib2.final_cell_0419","CTTTAATC-AAGATTGT","gamma"
"human2_lib2.final_cell_0420","TGATCCCGTAG-CCTACTAG","ductal"
"human2_lib2.final_cell_0421","AATCCCACG-TCGAAGCT","beta"
"human2_lib2.final_cell_0422","TGAACTAGCCA-CAAGTCAT","alpha"
"human2_lib2.final_cell_0423","GATCCCAATC-AGAAGTTA","alpha"
"human2_lib2.final_cell_0424","ATCTGCATC-ACTAGCCA","alpha"
"human2_lib2.final_cell_0425","TAACTACT-CTTCGATT","alpha"
"human2_lib2.final_cell_0426","AACCTGAC-GGTGACAC","gamma"
"human2_lib2.final_cell_0427","TTGCATAT-CAGACCAT","delta"
"human2_lib2.final_cell_0428","TGATTCACATA-TACCAGGC","alpha"
"human2_lib2.final_cell_0429","TGATGCCC-GAGGCTGA","activated_stellate"
"human2_lib2.final_cell_0430","GATCTCACTT-AGTGATGC","macrophage"
"human2_lib2.final_cell_0431","TGATTGTTTAC-TTGATTCT","beta"
"human2_lib2.final_cell_0432","TGAAGGTTGTG-TTGATCTA","beta"
"human2_lib2.final_cell_0433","TGAATATAGGA-CACTTTCT","alpha"
"human2_lib2.final_cell_0434","GACTCTTGAC-ATATAGGA","gamma"
"human2_lib2.final_cell_0435","AAAATCGTT-TAAGACGG","beta"
"human2_lib2.final_cell_0436","GATTAAACTG-CACAACAG","alpha"
"human2_lib2.final_cell_0437","TGAATGACCGA-CGAGTCTG","alpha"
"human2_lib2.final_cell_0438","TGCCTCAC-GCAAGGAC","ductal"
"human2_lib2.final_cell_0439","GGCCCTTA-GGTCCCTT","beta"
"human2_lib2.final_cell_0440","GACATCTCCC-GACGATGG","beta"
"human2_lib2.final_cell_0441","TGATAACCCGT-GGGCCAAT","alpha"
"human2_lib2.final_cell_0442","AGGCCTAAG-GGTGACAC","alpha"
"human2_lib2.final_cell_0443","GACCTGACAC-GCCACATC","ductal"
"human2_lib2.final_cell_0444","GATGGGATTC-GTAATCCC","alpha"
"human2_lib2.final_cell_0445","CCAACCGT-CCATTACT","alpha"
"human2_lib2.final_cell_0446","TGATGTGGCTA-TGATGCCC","alpha"
"human2_lib2.final_cell_0447","AAATCAGA-CGCTCTCA","alpha"
"human2_lib2.final_cell_0448","TGACCAGCAGT-CGTGCTAG","activated_stellate"
"human2_lib2.final_cell_0449","GATCTCAACC-ATGACCGA","alpha"
"human2_lib2.final_cell_0450","TGACTTCGCAC-TAGCTTAT","alpha"
"human2_lib2.final_cell_0451","GATGCCATCG-TGGGATTC","alpha"
"human2_lib2.final_cell_0452","GATCCGTCCA-AGAACGGG","alpha"
"human2_lib2.final_cell_0453","TGAGGGAAATC-ATGGATTA","gamma"
"human2_lib2.final_cell_0454","TTGGACTT-TTCCAGAC","beta"
"human2_lib2.final_cell_0455","GTTACGAT-ACTGAGTT","alpha"
"human2_lib2.final_cell_0456","AGAGGTGG-ATGACCGA","alpha"
"human2_lib2.final_cell_0457","CCAACCGT-CCCGAATG","alpha"
"human2_lib2.final_cell_0458","AAAAGTCGG-TAGTGGAC","beta"
"human2_lib2.final_cell_0459","GACCTACTAG-CTACCGTT","beta"
"human2_lib2.final_cell_0460","TGACTACGAGC-TTTGGGAG","alpha"
"human2_lib2.final_cell_0461","CGGCACAT-CTTCTTCG","alpha"
"human2_lib2.final_cell_0462","TGATTAGTCCG-AAACTGGT","quiescent_stellate"
"human2_lib2.final_cell_0463","CCCAAGCA-TAGTGGAC","ductal"
"human2_lib2.final_cell_0464","AGGCAACG-TGCCATCG","alpha"
"human2_lib2.final_cell_0465","TGAAACCCTTG-TGACCCTC","beta"
"human2_lib2.final_cell_0466","GAACGCCATT-TTTGTGTC","alpha"
"human2_lib2.final_cell_0467","AGGGTGTAT-GTCATATT","beta"
"human2_lib2.final_cell_0468","CTATAGAG-ATTCGACG","ductal"
"human2_lib2.final_cell_0469","ACGTGCTAG-GCTTTCCA","beta"
"human2_lib2.final_cell_0470","TGAAAACTGGT-AAACCTCC","alpha"
"human2_lib2.final_cell_0471","GAGGTCCCTT-GGCATGCT","alpha"
"human2_lib2.final_cell_0472","TGACAACAAAT-GCAAAGCC","gamma"
"human2_lib2.final_cell_0473","TGAGGTTTCTC-TCCCGTAG","alpha"
"human2_lib2.final_cell_0474","AGGGCCAAT-CGGACAAC","alpha"
"human2_lib2.final_cell_0475","GATGTAAAGG-CTTACTCC","beta"
"human2_lib2.final_cell_0476","TGACCAGCAGT-ATGGAAAT","activated_stellate"
"human2_lib2.final_cell_0477","GTACCTTG-TAGTGTTT","alpha"
"human2_lib2.final_cell_0478","TGAACTAGCCA-AAACTCGA","endothelial"
"human2_lib2.final_cell_0479","GATCGTTT-TCTCAACC","alpha"
"human2_lib2.final_cell_0480","GATCCGTCCA-ATCCCACG","alpha"
"human2_lib2.final_cell_0481","ACTCCGCAT-TCATCCTT","alpha"
"human2_lib2.final_cell_0482","TGACCAGT-CTTTAATC","alpha"
"human2_lib2.final_cell_0483","GATTGATCTA-GAGGCTGA","beta"
"human2_lib2.final_cell_0484","GTACCTTG-GATCTCGG","alpha"
"human2_lib2.final_cell_0485","ATTGATTCT-CCTGTTAT","beta"
"human2_lib2.final_cell_0486","GATAGTGTTT-CTTTAATC","alpha"
"human2_lib2.final_cell_0487","GAGGGAGGTA-CCTCGTCT","alpha"
"human2_lib2.final_cell_0488","AGTTACCGC-TAGTGGAC","gamma"
"human2_lib2.final_cell_0489","TGCCTCAC-GTGGAGCT","alpha"
"human2_lib2.final_cell_0490","GTACCTTG-GACAGATA","alpha"
"human2_lib2.final_cell_0491","TGACAACAAAT-CCATTTGA","alpha"
"human2_lib2.final_cell_0492","AACCCATAT-CTTCTTCG","alpha"
"human2_lib2.final_cell_0493","AGCCAAGAT-GGGTTGGT","alpha"
"human2_lib2.final_cell_0494","ATCCGCTA-CTTCGATT","alpha"
"human2_lib2.final_cell_0495","GTACCTTG-CTACGAGC","alpha"
"human2_lib2.final_cell_0496","ACCCACGA-AAGTAATC","beta"
"human2_lib2.final_cell_0497","TGATCGACGGT-TTGGACTT","alpha"
"human2_lib2.final_cell_0498","GCTCTAGT-CTTAGGTA","alpha"
"human2_lib2.final_cell_0499","GACGAATAAT-CAGGTGTC","ductal"
"human2_lib2.final_cell_0500","AAAACCTCC-TTAGTCCG","activated_stellate"
"human2_lib2.final_cell_0501","TGAATGACTTT-TAGAAATG","ductal"
"human2_lib2.final_cell_0502","GAGAATACGC-TAACCCGT","alpha"
"human2_lib2.final_cell_0503","TGGCTACC-TAGTCGCA","alpha"
"human2_lib2.final_cell_0504","TCCTTATT-GCAGTCGA","mast"
"human2_lib2.final_cell_0505","GGCCCTTA-GAAGGCTT","alpha"
"human2_lib2.final_cell_0506","ACCCTAACC-GACAGATA","alpha"
"human2_lib2.final_cell_0507","AAATGAATG-AGCACCAC","beta"
"human2_lib2.final_cell_0508","TGACGAGTCTG-CTTAGGTA","beta"
"human2_lib2.final_cell_0509","CCAACCGT-ATCAGCGC","beta"
"human2_lib2.final_cell_0510","TGATGTCTTTC-TAAATAGG","ductal"
"human2_lib2.final_cell_0511","ATCTTTGT-TCTAGCAG","beta"
"human2_lib2.final_cell_0512","ACTGCGTTG-TGCGTATC","alpha"
"human2_lib2.final_cell_0513","AAAACTCGA-CTACCGTT","beta"
"human2_lib2.final_cell_0514","TTATCTGT-TGTAAAGG","ductal"
"human2_lib2.final_cell_0515","GTCTCTCT-ATGACCGA","alpha"
"human2_lib2.final_cell_0516","AATATACCT-CAAGAGGG","schwann"
"human2_lib2.final_cell_0517","ACCGTGTTT-TGCCATCG","alpha"
"human2_lib2.final_cell_0518","TGCCTCAC-TTTATCAC","alpha"
"human2_lib2.final_cell_0519","TGACCAGT-CTAGTAAC","beta"
"human2_lib2.final_cell_0520","GACTGTCTGG-TCTGCATC","gamma"
"human2_lib2.final_cell_0521","TGAAAACAGGG-AGAGACTA","beta"
"human2_lib2.final_cell_0522","TGCTATTT-AGACACCA","ductal"
"human2_lib2.final_cell_0523","CGGCTTAC-TAAATAGG","ductal"
"human2_lib2.final_cell_0524","GACGTACCTA-AATCGGGT","alpha"
"human2_lib2.final_cell_0525","ATTCGTTCC-TTGATCTA","gamma"
"human2_lib2.final_cell_0526","ATATGCAT-ATATAGGA","mast"
"human2_lib2.final_cell_0527","GAATTCCTTG-CTTGGTGT","gamma"
"human2_lib2.final_cell_0528","TGACTCAGAAT-GTTACCGC","mast"
"human2_lib2.final_cell_0529","GACGACTCCT-CTTCGATT","alpha"
"human2_lib2.final_cell_0530","ATCTGCATC-TGAAATGA","ductal"
"human2_lib2.final_cell_0531","GTTACGAT-TGAGGTCT","gamma"
"human2_lib2.final_cell_0532","GAGGTCCCTT-TGTGCTCA","alpha"
"human2_lib2.final_cell_0533","GACATCTCCC-GATTTACC","alpha"
"human2_lib2.final_cell_0534","GAACACTAAG-TAGTCTAG","alpha"
"human2_lib2.final_cell_0535","GAATGGGCAC-CGCCTTGA","alpha"
"human2_lib2.final_cell_0536","GATCTCACTT-AACCTGAC","ductal"
"human2_lib2.final_cell_0537","TTGCATAT-TTGATCTA","alpha"
"human2_lib2.final_cell_0538","GGCCCTTA-AACACACG","alpha"
"human2_lib2.final_cell_0539","ACCTTCTT-AGTTTAGA","alpha"
"human2_lib2.final_cell_0540","TGAGCGCATTC-CGGACAAC","mast"
"human2_lib2.final_cell_0541","GAACTGCCGT-TCCCAATC","alpha"
"human2_lib2.final_cell_0542","GACCACATTA-ATCTTTGT","alpha"
"human2_lib2.final_cell_0543","ATTGATTCT-CAGTTTGC","quiescent_stellate"
"human2_lib2.final_cell_0544","ACTGAGTGC-ATTCAGTA","beta"
"human2_lib2.final_cell_0545","GGCCCTTA-GGGAGGTA","alpha"
"human2_lib2.final_cell_0546","GATTAGAC-CTTTCTTT","beta"
"human2_lib2.final_cell_0547","TGATCGACGGT-ACTTCAAT","alpha"
"human2_lib2.final_cell_0548","AAGCTATGA-CCCATAGC","alpha"
"human2_lib2.final_cell_0549","TGAGGCTACTA-TCTGCATC","gamma"
"human2_lib2.final_cell_0550","GAGCGTTGCT-TTCCAGAC","gamma"
"human2_lib2.final_cell_0551","TGAGGCGGTTT-CACAAGGC","ductal"
"human2_lib2.final_cell_0552","TGACTAGTAAC-AAGCTTCT","alpha"
"human2_lib2.final_cell_0553","GATGAGGTCT-CACTTTCT","activated_stellate"
"human2_lib2.final_cell_0554","GCTCTAGT-GAAGTGCC","alpha"
"human2_lib2.final_cell_0555","TACCGGCA-TTCGTTCC","ductal"
"human2_lib2.final_cell_0556","ACCGCAACT-CTTCTGGA","delta"
"human2_lib2.final_cell_0557","TTTGTGTC-CGAGTCTG","alpha"
"human2_lib2.final_cell_0558","GAACACTAAG-TAGTCGCA","alpha"
"human2_lib2.final_cell_0559","TTTGTGTC-TACCGGCA","activated_stellate"
"human2_lib2.final_cell_0560","GAAAGATTGT-TTGCACGC","beta"
"human2_lib2.final_cell_0561","TGATAACCCGT-TACTTGTG","alpha"
"human2_lib2.final_cell_0562","GAGTTAACCA-AATGACCC","quiescent_stellate"
"human2_lib2.final_cell_0563","TGAAGGTTGTG-TTCGTTCC","ductal"
"human2_lib2.final_cell_0564","AGAACGATT-CTGGTGCA","alpha"
"human2_lib2.final_cell_0565","TGACTACGAGC-AGAAGTCC","quiescent_stellate"
"human2_lib2.final_cell_0566","TGAGTCCATGT-AGTGATGC","ductal"
"human2_lib2.final_cell_0567","AATGTTGGC-AAAGTCGG","alpha"
"human2_lib2.final_cell_0568","GATCCGTCCA-GCAACCTG","activated_stellate"
"human2_lib2.final_cell_0569","GACTTCTTCG-CTACGAGC","beta"
"human2_lib2.final_cell_0570","ACTACTTGT-GCTTTGGC","beta"
"human2_lib2.final_cell_0571","GACTGTCTGG-AGGTTGTG","activated_stellate"
"human2_lib2.final_cell_0572","ACTAGATTG-CTGAGTGC","alpha"
"human2_lib2.final_cell_0573","ATCTAGCAG-GCATGGGT","alpha"
"human2_lib2.final_cell_0574","CCCATCTG-TCACCGAG","ductal"
"human2_lib2.final_cell_0575","GAGGGAGGTA-CGTATTTC","beta"
"human2_lib2.final_cell_0576","AAGCTATGA-GTGTAACC","beta"
"human2_lib2.final_cell_0577","GATACCAGGC-TAGAAATG","alpha"
"human2_lib2.final_cell_0578","GAGTTTCG-CGTAGAAG","schwann"
"human2_lib2.final_cell_0579","GAGTCCAAAG-CGTATCGG","gamma"
"human2_lib2.final_cell_0580","TGATCCCTGAT-CGACGTCA","ductal"
"human2_lib2.final_cell_0581","TTATCTGT-TATTGCCT","alpha"
"human2_lib2.final_cell_0582","CGAACGTA-CCCGAATG","t_cell"
"human2_lib2.final_cell_0583","AGCTTTCCA-GGGAAATC","schwann"
"human2_lib2.final_cell_0584","AGCAAAGCC-GAGGCTGA","beta"
"human2_lib2.final_cell_0585","AAAGTAATC-CTACCGTT","gamma"
"human2_lib2.final_cell_0586","AACGCAGAG-GCTTTGGC","beta"
"human2_lib2.final_cell_0587","AGAGGTGG-GACAAAGG","beta"
"human2_lib2.final_cell_0588","TGAGACAAAGG-ACGCAGAG","beta"
"human2_lib2.final_cell_0589","AGTTACCGC-TTTACCCT","beta"
"human2_lib2.final_cell_0590","CGGCTTAC-ATGACCGA","t_cell"
"human2_lib2.final_cell_0591","GAATTGGGCC-CGGACAAC","beta"
"human2_lib2.final_cell_0592","GAGAGAATTG-CTTAGGTA","beta"
"human2_lib2.final_cell_0593","GATGTTCCAG-GCGTTGCT","alpha"
"human2_lib2.final_cell_0594","GAGGTCCCTT-GTGGATGG","beta"
"human2_lib2.final_cell_0595","GAACACTAAG-CGAACGTA","alpha"
"human2_lib2.final_cell_0596","GACGCCTTGA-TACCGGCA","ductal"
"human2_lib2.final_cell_0597","ACCGCAACT-ATGGGCAC","beta"
"human2_lib2.final_cell_0598","GACTAGACCC-TGTAAAGG","alpha"
"human2_lib2.final_cell_0599","AAGCTATGA-AGTTTAGA","ductal"
"human2_lib2.final_cell_0600","TGAGCAGGGTA-GTTACCGC","alpha"
"human2_lib3.final_cell_0001","GAGAGAATTG-TGCGTATC","beta"
"human2_lib3.final_cell_0002","GATGACGGAC-GATGTATT","delta"
"human2_lib3.final_cell_0003","TGACACAAGGC-CCAGCAGT","delta"
"human2_lib3.final_cell_0004","AGTGTCGGA-CTTAGGTA","beta"
"human2_lib3.final_cell_0005","AATGTTGGC-AACCCTTG","ductal"
"human2_lib3.final_cell_0006","ATTTCCGG-ATGCGGAT","alpha"
"human2_lib3.final_cell_0007","AATGGATTA-GTGGATGG","beta"
"human2_lib3.final_cell_0008","GAGATTGCGA-ATGCGGAT","ductal"
"human2_lib3.final_cell_0009","CTTCAGGT-AGAGACTA","alpha"
"human2_lib3.final_cell_0010","TGATCGTCATG-AGGCAGTT","delta"
"human2_lib3.final_cell_0011","AACGCAGAG-TCGGTACG","ductal"
"human2_lib3.final_cell_0012","AACGCAGAG-GTTCTGTT","alpha"
"human2_lib3.final_cell_0013","AATGGATTA-ACGCAGAG","ductal"
"human2_lib3.final_cell_0014","GATGTTCCAG-CTGTCTGG","delta"
"human2_lib3.final_cell_0015","ACTAGATTG-ATATGCAT","ductal"
"human2_lib3.final_cell_0016","AGGTGACAC-AAGTAATC","alpha"
"human2_lib3.final_cell_0017","AGGGTGTAT-ATGGAAAT","ductal"
"human2_lib3.final_cell_0018","AAGATGGCT-TCGTCATG","ductal"
"human2_lib3.final_cell_0019","CAGTTTGC-CTCGATGC","delta"
"human2_lib3.final_cell_0020","ACTACTTGT-CTTACGGG","delta"
"human2_lib3.final_cell_0021","AGGTGACAC-GGGAGGTA","alpha"
"human2_lib3.final_cell_0022","TTATCTGT-CGTCAGCA","beta"
"human2_lib3.final_cell_0023","ACGGACAAC-CTGTCTGG","delta"
"human2_lib3.final_cell_0024","TACCGGCA-GGGAGGTA","delta"
"human2_lib3.final_cell_0025","ACGTGCTAG-GATTTACC","beta"
"human2_lib3.final_cell_0026","AGGTGACAC-ATCAGCGC","delta"
"human2_lib3.final_cell_0027","ATCCGCTA-CGTCAGCA","ductal"
"human2_lib3.final_cell_0028","AAAACTCGA-CTTCAGGT","ductal"
"human2_lib3.final_cell_0029","GAATTGGGCC-GTTGTCAT","ductal"
"human2_lib3.final_cell_0030","AGTGTCGGA-TTGCATAT","ductal"
"human2_lib3.final_cell_0031","GACCCATAGC-GATTTACC","delta"
"human2_lib3.final_cell_0032","ATTGATTCT-TTAAGCGT","alpha"
"human2_lib3.final_cell_0033","ATTCCAGAC-TCACGTTT","delta"
"human2_lib3.final_cell_0034","TGAGCAGGGTA-AGCTATGA","alpha"
"human2_lib3.final_cell_0035","TGAAGAAGTTA-CGTATTTC","beta"
"human2_lib3.final_cell_0036","ACAACGTGG-CGCCTTGA","ductal"
"human2_lib3.final_cell_0037","AATATCTTC-CTAGTAAC","epsilon"
"human2_lib3.final_cell_0038","TCCAGGGA-GGAAACAG","alpha"
"human2_lib3.final_cell_0039","GGATAAAG-GCAAAGCC","delta"
"human2_lib3.final_cell_0040","AGTGGATGG-ATTCAGTA","alpha"
"human2_lib3.final_cell_0041","AGTCAAAGA-ATGGAAAT","delta"
"human2_lib3.final_cell_0042","TGAGGTCTGAC-ATGAAGCA","alpha"
"human2_lib3.final_cell_0043","AGATGTATT-GGGCCAAT","delta"
"human2_lib3.final_cell_0044","TGAATGACCGA-GGGAACCT","activated_stellate"
"human2_lib3.final_cell_0045","TGAGGGAAATC-AGCGTAGG","alpha"
"human2_lib3.final_cell_0046","ATAGTGGAC-CAAGTCAT","alpha"
"human2_lib3.final_cell_0047","GACTAGACCC-CGTAGAAG","delta"
"human2_lib3.final_cell_0048","GAGACGATGG-TTGTTTAC","delta"
"human2_lib3.final_cell_0049","TGATACGTGCT-GCAGTCGA","beta"
"human2_lib3.final_cell_0050","ACCCTAACC-AGCGAAGT","beta"
"human2_lib3.final_cell_0051","TGAAGCGCGAT-CAGATTAC","alpha"
"human2_lib3.final_cell_0052","TGAAAATGTCG-ATGTTGGC","alpha"
"human2_lib3.final_cell_0053","ACTGCGTTG-GCAGGGTA","beta"
"human2_lib3.final_cell_0054","GAGAATACGC-CCATTTGA","delta"
"human2_lib3.final_cell_0055","AGTGGATGG-AAATCGTT","alpha"
"human2_lib3.final_cell_0056","TGATCACCGAG-TCCAGGGA","alpha"
"human2_lib3.final_cell_0057","AAAAGCCTA-TACTTGTG","activated_stellate"
"human2_lib3.final_cell_0058","TGAATGCATGG-ATGAAGCA","ductal"
"human2_lib3.final_cell_0059","TTTGTGTC-TTGAGGGT","alpha"
"human2_lib3.final_cell_0060","ACTTAGGTA-TTTGGGAG","beta"
"human2_lib3.final_cell_0061","GATGCCATCG-TTTGTGTC","alpha"
"human2_lib3.final_cell_0062","AGAAGTGCC-TGGGATTC","activated_stellate"
"human2_lib3.final_cell_0063","TAACTACT-GATTGCGA","alpha"
"human2_lib3.final_cell_0064","TCATCCTT-TCGGTACG","ductal"
"human2_lib3.final_cell_0065","AGCCAAGAT-TTCACATA","alpha"
"human2_lib3.final_cell_0066","TGAAACAATCC-TTGATCTA","acinar"
"human2_lib3.final_cell_0067","AAAAGCCTA-ATTCCTTG","alpha"
"human2_lib3.final_cell_0068","TGGCTACC-ACTAGGAT","beta"
"human2_lib3.final_cell_0069","ACGTGGATA-GCTTTGGC","delta"
"human2_lib3.final_cell_0070","GATTAGAC-TGTAAAGG","alpha"
"human2_lib3.final_cell_0071","ACACTCCTC-AGTTTAGA","alpha"
"human2_lib3.final_cell_0072","ACGGAATTT-AGCGCGAT","alpha"
"human2_lib3.final_cell_0073","ACCGTGTTT-AATTCCCA","alpha"
"human2_lib3.final_cell_0074","ACGGACAAC-ATGACTTT","alpha"
"human2_lib3.final_cell_0075","TGCCTCAC-CAATTAGT","alpha"
"human2_lib3.final_cell_0076","AGAACGATT-AAGGTAAT","macrophage"
"human2_lib3.final_cell_0077","AATGTTGGC-AACAATCC","macrophage"
"human2_lib3.final_cell_0078","AGGGCCAAT-AGAAGTCC","ductal"
"human2_lib3.final_cell_0079","CCGCTGTT-GGGTTGGT","beta"
"human2_lib3.final_cell_0080","GATGAAATGA-ATGCGGAT","ductal"
"human2_lib3.final_cell_0081","AACTCACCG-GGTGGGAT","ductal"
"human2_lib3.final_cell_0082","TGATTGTCGCC-GGGAGGTA","alpha"
"human2_lib3.final_cell_0083","GAAGGCAGTT-TCGTCATG","alpha"
"human2_lib3.final_cell_0084","AAGACACCA-AAAGCCTA","alpha"
"human2_lib3.final_cell_0085","GATTGATCTA-AAGGTAAT","alpha"
"human2_lib3.final_cell_0086","ATCCGCTA-GTTTACGT","ductal"
"human2_lib3.final_cell_0087","AGGCAACG-CTGTCTGG","delta"
"human2_lib3.final_cell_0088","ACTCCGCAT-GGGAGGTA","delta"
"human2_lib3.final_cell_0089","AAAATCGTT-CCCGAATG","beta"
"human2_lib3.final_cell_0090","GGAGAAGC-ACTCACCG","alpha"
"human2_lib3.final_cell_0091","TAGTCTAG-CTGGTGCA","ductal"
"human2_lib3.final_cell_0092","TGCCTCAC-TGTCTTTC","ductal"
"human2_lib3.final_cell_0093","ATGTGTCCT-ATTCCTTG","beta"
"human2_lib3.final_cell_0094","GAGATCTCGG-GGACTTCC","alpha"
"human2_lib3.final_cell_0095","GATTCCGAGT-GAGGCTGA","delta"
"human2_lib3.final_cell_0096","AGCAACCTG-TAAGACGG","beta"
"human2_lib3.final_cell_0097","AAATCAGA-GTCAAAGA","quiescent_stellate"
"human2_lib3.final_cell_0098","TGACACAAGGC-TTGAGGGT","delta"
"human2_lib3.final_cell_0099","ATTTGGGAG-CCTACTAG","quiescent_stellate"
"human2_lib3.final_cell_0100","AGTGGATGG-GCCACATC","activated_stellate"
"human2_lib3.final_cell_0101","AAGCTACGG-ATGACTTT","alpha"
"human2_lib3.final_cell_0102","GACGATTGAT-GCAGCATG","activated_stellate"
"human2_lib3.final_cell_0103","TGAAACACACG-GCAACCTG","ductal"
"human2_lib3.final_cell_0104","TGAGGTTTCTC-CGACGTCA","alpha"
"human2_lib3.final_cell_0105","AAATCGGGT-TGCCATCG","alpha"
"human2_lib3.final_cell_0106","TCATATGG-TTTAACAG","beta"
"human2_lib3.final_cell_0107","AAGATGGCT-GAGCGGTA","beta"
"human2_lib3.final_cell_0108","AATGCGGAT-TCCGTCCA","activated_stellate"
"human2_lib3.final_cell_0109","ATTGGATCG-AAACTGGT","beta"
"human2_lib3.final_cell_0110","ATCTGCATC-AGAGGTGG","beta"
"human2_lib3.final_cell_0111","CTTTAATC-ATTCCTTG","ductal"
"human2_lib3.final_cell_0112","GATCTGTGGT-ATATAGGA","ductal"
"human2_lib3.final_cell_0113","ATCAGCGC-CAACGTGG","alpha"
"human2_lib3.final_cell_0114","AGTCAATAC-TTCGCTGG","ductal"
"human2_lib3.final_cell_0115","TGATTGTTTAC-CTGTTCTT","ductal"
"human2_lib3.final_cell_0116","TGACTCGATGC-AAATCGTT","alpha"
"human2_lib3.final_cell_0117","GACCTATTCA-GGTGACAC","activated_stellate"
"human2_lib3.final_cell_0118","AAGATGGCT-ACTGAGTT","alpha"
"human2_lib3.final_cell_0119","ACAGGTGTC-GTCCATGT","ductal"
"human2_lib3.final_cell_0120","ACCCTAACC-CAAGTCAT","beta"
"human2_lib3.final_cell_0121","TGAAAACAGGG-ACGGTAGC","beta"
"human2_lib3.final_cell_0122","ATTTATCAC-TTCGGCCT","alpha"
"human2_lib3.final_cell_0123","GACGCTAGTC-AAACGCCT","delta"
"human2_lib3.final_cell_0124","GATCGGTACG-TCCCAATC","activated_stellate"
"human2_lib3.final_cell_0125","GATGACGGAC-AATGTTTG","ductal"
"human2_lib3.final_cell_0126","AGGTTAGTG-TCGTCATG","beta"
"human2_lib3.final_cell_0127","GACGCTAGTC-TTTGGGAG","alpha"
"human2_lib3.final_cell_0128","ACAACGTGG-CTCGCGTA","alpha"
"human2_lib3.final_cell_0129","TGAATGACCGA-ACGCCATT","alpha"
"human2_lib3.final_cell_0130","ATTCCAGAC-TGCTCCGT","alpha"
"human2_lib3.final_cell_0131","TGAAGAAGTTA-CGAACGTA","activated_stellate"
"human2_lib3.final_cell_0132","TGAAAACTGGT-ATATACCT","beta"
"human2_lib3.final_cell_0133","AAAACTCGA-CATCTCCC","beta"
"human2_lib3.final_cell_0134","AGTTACCGC-TGATGCCC","beta"
"human2_lib3.final_cell_0135","TGAGTTCTGTT-GATCGTTT","alpha"
"human2_lib3.final_cell_0136","AGGTGACAC-TTAAACTG","beta"
"human2_lib3.final_cell_0137","TGATTCACATA-TACCGGCA","delta"
"human2_lib3.final_cell_0138","TGCGACAG-GATCGTTT","alpha"
"human2_lib3.final_cell_0139","TGACGGGTAGT-CCCTTGGT","alpha"
"human2_lib3.final_cell_0140","AGTATGAGT-CTTCTTCG","alpha"
"human2_lib3.final_cell_0141","TGAAAACAGGG-AAAGTCGG","beta"
"human2_lib3.final_cell_0142","GGTGGGAT-ACGGTAGC","alpha"
"human2_lib3.final_cell_0143","AAAAGCCTA-GGATAAAG","alpha"
"human2_lib3.final_cell_0144","TGATTGTTTAC-GGCTACTA","ductal"
"human2_lib3.final_cell_0145","GACGCCTTGA-TGCCTCAC","beta"
"human2_lib3.final_cell_0146","GAGACGATGG-GTCCAAAG","alpha"
"human2_lib3.final_cell_0147","AAAAGCCTA-TAAGACGG","macrophage"
"human2_lib3.final_cell_0148","GACGGGCTTT-TGCGACAG","ductal"
"human2_lib3.final_cell_0149","TGAGCAGGGTA-CTTCTGGA","delta"
"human2_lib3.final_cell_0150","GAGATTGCGA-CTACCGTT","alpha"
"human2_lib3.final_cell_0151","ATAGTGGAC-TGCGTATC","beta"
"human2_lib3.final_cell_0152","TGAGCAGGGTA-TCCTTATT","alpha"
"human2_lib3.final_cell_0153","CGTATTTC-TGACCCTC","alpha"
"human2_lib3.final_cell_0154","GATCGGTACG-AATGAATG","alpha"
"human2_lib3.final_cell_0155","AGGTTAGTG-CTCGCGTA","activated_stellate"
"human2_lib3.final_cell_0156","GAGAGAATTG-TTGATCTA","ductal"
"human2_lib3.final_cell_0157","AGGCAACG-GCCGGATT","alpha"
"human2_lib3.final_cell_0158","GACTTCTTCG-CTTAGGTA","ductal"
"human2_lib3.final_cell_0159","ATCGGTTCG-TCACGTTT","delta"
"human2_lib3.final_cell_0160","TGAGCCACATC-GACAAAGG","beta"
"human2_lib3.final_cell_0161","GAGTTAACCA-GTCAATAC","delta"
"human2_lib3.final_cell_0162","TTGCATAT-GCAAGGAC","ductal"
"human2_lib3.final_cell_0163","TGAGTTCTGTT-AAGTAATC","alpha"
"human2_lib3.final_cell_0164","TGAGGTCTGAC-GTAATCCC","alpha"
"human2_lib3.final_cell_0165","ACCGTGTTT-GGGAGGTA","beta"
"human2_lib3.final_cell_0166","AACCCATAT-CGTATCGG","activated_stellate"
"human2_lib3.final_cell_0167","GATGTACACG-AGCGTAGG","ductal"
"human2_lib3.final_cell_0168","GATGTACACG-ACCCATAT","ductal"
"human2_lib3.final_cell_0169","AGCAGAAC-TGGCCTGT","ductal"
"human2_lib3.final_cell_0170","TGATTCACATA-GTCTCTCT","ductal"
"human2_lib3.final_cell_0171","CGAACGTA-AGGCAACG","alpha"
"human2_lib3.final_cell_0172","CGACGTCA-TTCGCTGG","delta"
"human2_lib3.final_cell_0173","ATAGTCGCA-TTCCAGAC","ductal"
"human2_lib3.final_cell_0174","TGAGCGCATTC-CTGCGTTG","alpha"
"human2_lib3.final_cell_0175","TGAGACAACTT-AAGGTAAT","alpha"
"human2_lib3.final_cell_0176","ACCTTCTT-CGACGTCA","alpha"
"human2_lib3.final_cell_0177","TGATCGACGGT-ACTTCAAT","alpha"
"human2_lib3.final_cell_0178","TAGTCTAG-GCGTTGCT","alpha"
"human2_lib3.final_cell_0179","AGAGACTA-CGTATTTC","beta"
"human2_lib3.final_cell_0180","TGCAAGGG-TGTGTCCT","alpha"
"human2_lib3.final_cell_0181","TGAGGTTTCTC-TTCGCTGG","alpha"
"human2_lib3.final_cell_0182","ACCGTGTTT-TGCGACAG","alpha"
"human2_lib3.final_cell_0183","CATCGCAG-ATATACCT","activated_stellate"
"human2_lib3.final_cell_0184","ATTGGATCG-GCCACATC","alpha"
"human2_lib3.final_cell_0185","TGAATATAGGA-GATTAGAC","beta"
"human2_lib3.final_cell_0186","TTCGGCCT-CAGTTTGC","alpha"
"human2_lib3.final_cell_0187","GATGTACACG-ATTTCCGG","ductal"
"human2_lib3.final_cell_0188","AAGCGCCTT-GCCACATC","alpha"
"human2_lib3.final_cell_0189","GATGGTTTCT-CTCGCGTA","alpha"
"human2_lib3.final_cell_0190","TGAAACACACG-TTCGGCCT","alpha"
"human2_lib3.final_cell_0191","GCTCTAGT-TTGTGACT","ductal"
"human2_lib3.final_cell_0192","TGACAACAAAT-GCTTTCCA","alpha"
"human2_lib3.final_cell_0193","TGATAGAAATG-AGGTTGTG","alpha"
"human2_lib3.final_cell_0194","GACGTCAGCA-ACCTTGCC","acinar"
"human2_lib3.final_cell_0195","CTTCGATT-CGTACCTA","beta"
"human2_lib3.final_cell_0196","ACCCACGA-CTTACGGG","ductal"
"human2_lib3.final_cell_0197","GAACTAGGAT-GTCAAAGA","beta"
"human2_lib3.final_cell_0198","AATGGATTA-CTTAGGTA","ductal"
"human2_lib3.final_cell_0199","AGGCAACG-CCCATCTG","alpha"
"human2_lib3.final_cell_0200","AATCCCACG-TAACCATC","beta"
"human2_lib3.final_cell_0201","ATCATGAGG-CAAGTCAT","alpha"
"human2_lib3.final_cell_0202","TGAGGCTACTA-TACCAGGC","delta"
"human2_lib3.final_cell_0203","AACGCAGAG-CGCTAATA","alpha"
"human2_lib3.final_cell_0204","TGGCTACC-CCCGACTT","ductal"
"human2_lib3.final_cell_0205","AGCCTCTTT-GGTGGGAT","alpha"
"human2_lib3.final_cell_0206","ACTCCGCAT-ATATGCAT","alpha"
"human2_lib3.final_cell_0207","AACCTGAC-ATGACTTT","alpha"
"human2_lib3.final_cell_0208","ACGTGCTAG-AAATCAGA","endothelial"
"human2_lib3.final_cell_0209","GATTGAGGGT-TACAAACT","ductal"
"human2_lib3.final_cell_0210","GGTGGGAT-TGCCTCAC","delta"
"human2_lib3.final_cell_0211","GATAGTGTTT-CAATTAGT","beta"
"human2_lib3.final_cell_0212","TTTGTGTC-TACAAACT","alpha"
"human2_lib3.final_cell_0213","GATTTAACAG-TTCGTTCC","alpha"
"human2_lib3.final_cell_0214","GAGGCGTTAG-ATGGATTA","alpha"
"human2_lib3.final_cell_0215","GATTGATCTA-CGTATCGG","beta"
"human2_lib3.final_cell_0216","AATGGATTA-ATTCAGTA","alpha"
"human2_lib3.final_cell_0217","TGAGCCGGATT-GCAGCATG","ductal"
"human2_lib3.final_cell_0218","GTTCAACT-TGGGATTC","alpha"
"human2_lib3.final_cell_0219","ACCCTAACC-AGAAGTCC","alpha"
"human2_lib3.final_cell_0220","CTTACGGG-TTTGGGAG","beta"
"human2_lib3.final_cell_0221","GAGCGGTA-TGACCCTC","alpha"
"human2_lib3.final_cell_0222","TACAGCCG-ACCCACGA","alpha"
"human2_lib3.final_cell_0223","TGAAGGAGCTT-GTGGATGG","delta"
"human2_lib3.final_cell_0224","TTATCTGT-CCCAAGCA","alpha"
"human2_lib3.final_cell_0225","AGGCCTAAG-GGTTTCTC","alpha"
"human2_lib3.final_cell_0226","GACCTATTCA-AGTGATGC","delta"
"human2_lib3.final_cell_0227","GAAAGCGTAC-TCCCAATC","activated_stellate"
"human2_lib3.final_cell_0228","CGACGTCA-GAACGATT","alpha"
"human2_lib3.final_cell_0229","TGAAGGTTGTG-TCTCAACC","ductal"
"human2_lib3.final_cell_0230","TGACGTAGAAG-CATCTCCC","quiescent_stellate"
"human2_lib3.final_cell_0231","ATCAGCGC-AGCGAAGT","alpha"
"human2_lib3.final_cell_0232","AGAACGATT-CGAACGTA","alpha"
"human2_lib3.final_cell_0233","ATATGCAT-ATCTTTGT","ductal"
"human2_lib3.final_cell_0234","AGCAACCTG-AGCTACGG","beta"
"human2_lib3.final_cell_0235","AGGGTGTAT-GCCACATC","beta"
"human2_lib3.final_cell_0236","AGTCAATAC-GGCGGTTT","alpha"
"human2_lib3.final_cell_0237","GACTGTCTGG-AGGTTGTG","ductal"
"human2_lib3.final_cell_0238","TGACGTATCGG-AAAGCCTA","ductal"
"human2_lib3.final_cell_0239","TGAATACCCAG-AAGCGTAC","gamma"
"human2_lib3.final_cell_0240","GGTGGGAT-AACCTGAC","activated_stellate"
"human2_lib3.final_cell_0241","ACTTAGGTA-GACAAAGG","alpha"
"human2_lib3.final_cell_0242","AAATCGGGT-TCCAGGGA","alpha"
"human2_lib3.final_cell_0243","GTTGCACG-AGTGATGC","delta"
"human2_lib3.final_cell_0244","GATACCAGGC-GCCGGATT","beta"
"human2_lib3.final_cell_0245","TGAGCCGGATT-TCCCTGAT","alpha"
"human2_lib3.final_cell_0246","GACGACTCCT-GAGTTCAC","beta"
"human2_lib3.final_cell_0247","GAAGGAAGAC-TTAAACTG","activated_stellate"
"human2_lib3.final_cell_0248","TGACGTAGAAG-CACTCCTC","beta"
"human2_lib3.final_cell_0249","TAGTCTAG-TTGATCTA","delta"
"human2_lib3.final_cell_0250","ACGTATAC-CGTGCTAG","delta"
"human2_lib3.final_cell_0251","TGAAGGTTGTG-TTCGTTCC","quiescent_stellate"
"human2_lib3.final_cell_0252","TGACTACCGTT-GTGGATGG","delta"
"human2_lib3.final_cell_0253","GATCTCACTT-AATGAATG","beta"
"human2_lib3.final_cell_0254","AAATCGGGT-GAGCGGTA","ductal"
"human2_lib3.final_cell_0255","GAAAGATTGT-CCTGTTAT","alpha"
"human2_lib3.final_cell_0256","AATACTCTT-TGTAGTTT","beta"
"human2_lib3.final_cell_0257","TTGCATAT-GTTGTCAT","beta"
"human2_lib3.final_cell_0258","ATCTGCATC-CCCTAACC","alpha"
"human2_lib3.final_cell_0259","TGAAACCCTTG-CGGCACAT","alpha"
"human2_lib3.final_cell_0260","AAAGTAATC-GCTTTCCA","delta"
"human2_lib3.final_cell_0261","TGAATGCATGG-GCTTTGGC","beta"
"human2_lib3.final_cell_0262","GGGTTGGT-GCGTTGCT","alpha"
"human2_lib3.final_cell_0263","TGCGTATC-GGGAACCT","gamma"
"human2_lib3.final_cell_0264","TGATTCACATA-TCGAAGCT","alpha"
"human2_lib3.final_cell_0265","GACGTACCTA-CGTGGATA","activated_stellate"
"human2_lib3.final_cell_0266","CGGCACAT-CCATTACT","beta"
"human2_lib3.final_cell_0267","GAACTGCCGT-CCAGCAGT","alpha"
"human2_lib3.final_cell_0268","TGAATTCGACG-GGGAACGA","ductal"
"human2_lib3.final_cell_0269","GACAAGAGGG-AGACACCA","ductal"
"human2_lib3.final_cell_0270","GATGGAGGAG-TAGTCGCA","beta"
"human2_lib3.final_cell_0271","TGACTTGGTGT-CACGGACT","macrophage"
"human2_lib3.final_cell_0272","AATATACCT-CTGGTGCA","beta"
"human2_lib3.final_cell_0273","AGAGGTGG-TTGCACGC","activated_stellate"
"human2_lib3.final_cell_0274","TGAGGTCTGAC-TCCAGTCC","ductal"
"human2_lib3.final_cell_0275","TAAATAGG-CGCTAGTC","beta"
"human2_lib3.final_cell_0276","TTATCTGT-TCGGTTTA","alpha"
"human2_lib3.final_cell_0277","TAGCCTCG-TGTGCTCA","alpha"
"human2_lib3.final_cell_0278","ACCCTAACC-GGACTTCC","alpha"
"human2_lib3.final_cell_0279","AGGCAACG-GATCTCGG","activated_stellate"
"human2_lib3.final_cell_0280","GACGCCTTGA-CGTGGATA","activated_stellate"
"human2_lib3.final_cell_0281","TGACGTAGAAG-AGAACGGG","ductal"
"human2_lib3.final_cell_0282","AGCAACCTG-CCTACTAG","alpha"
"human2_lib3.final_cell_0283","TGAAACAATCC-CCCGAATG","alpha"
"human2_lib3.final_cell_0284","GACGACTCCT-ATACCCAG","beta"
"human2_lib3.final_cell_0285","TGAGAAGCACT-TCCCGTAG","alpha"
"human2_lib3.final_cell_0286","ACCTTGCC-TTTATCAC","alpha"
"human2_lib3.final_cell_0287","TGACGAGTCTG-GTTGTCAT","alpha"
"human2_lib3.final_cell_0288","TGACCTGTTAT-CTGAGTGC","delta"
"human2_lib3.final_cell_0289","GAACTGCCGT-GGTCACAG","activated_stellate"
"human2_lib3.final_cell_0290","GATTAAACTG-CCCAAGCA","beta"
"human2_lib3.final_cell_0291","TGCTATTT-CAAGTCAT","beta"
"human2_lib3.final_cell_0292","GATTGATCTA-CGCTAGTC","endothelial"
"human2_lib3.final_cell_0293","TGCCTCAC-TGATAACA","beta"
"human2_lib3.final_cell_0294","TGACACAAGGC-CTCGATGC","alpha"
"human2_lib3.final_cell_0295","TGGCTACC-ATGGATTA","alpha"
"human2_lib3.final_cell_0296","GAGAGAATTG-AGGTTGTG","alpha"
"human2_lib3.final_cell_0297","TTCGGCCT-GAACGATT","ductal"
"human2_lib3.final_cell_0298","TGATTGCACGC-TCGACACC","ductal"
"human2_lib3.final_cell_0299","AGAGACTA-CCATTACT","alpha"
"human2_lib3.final_cell_0300","CGACGTCA-GCTTTGGC","beta"
"human2_lib3.final_cell_0301","GATGGGATTC-TTCCGAGT","beta"
"human2_lib3.final_cell_0302","GAAAGATTGT-GCAACCTG","alpha"
"human2_lib3.final_cell_0303","TGATCCAGTCC-ATGGAAAT","beta"
"human2_lib3.final_cell_0304","GAGGGAGGTA-GTAATCCC","alpha"
"human2_lib3.final_cell_0305","ATCACGTTT-AGAACGGG","endothelial"
"human2_lib3.final_cell_0306","TGACTAGTAAC-TGATGCCC","delta"
"human2_lib3.final_cell_0307","GATGGGATTC-GGATAAAG","beta"
"human2_lib3.final_cell_0308","TGCGTATC-CATCGCAG","ductal"
"human2_lib3.final_cell_0309","ACGCTCTCA-ACGAAACG","alpha"
"human2_lib3.final_cell_0310","TGAGCCACATC-GCGTTGCT","quiescent_stellate"
"human2_lib3.final_cell_0311","GGAGAAGC-GTGTCGGA","delta"
"human2_lib3.final_cell_0312","GATCTCACTT-TCCAGTCC","ductal"
"human2_lib3.final_cell_0313","TGCGACAG-GTCTCTCT","beta"
"human2_lib3.final_cell_0314","TGAAGCGTAGG-CGATTGAT","delta"
"human2_lib3.final_cell_0315","TGATATTGCCT-GTATGAGT","ductal"
"human2_lib3.final_cell_0316","AGAGGTGG-GAACGATT","alpha"
"human2_lib3.final_cell_0317","AGGCCTAAG-ACTCACCG","delta"
"human2_lib3.final_cell_0318","TGATTAGTCCG-TCTAGCAG","ductal"
"human2_lib3.final_cell_0319","CTTCAGGT-TTAGGACC","beta"
"human2_lib3.final_cell_0320","GAAGTGATGC-TGCGTATC","beta"
"human2_lib3.final_cell_0321","AGCCTCTTT-ACTGAGTT","alpha"
"human2_lib3.final_cell_0322","GCAGTCGA-AGTGAAAG","beta"
"human2_lib3.final_cell_0323","TACTTGTG-CCAACCGT","ductal"
"human2_lib3.final_cell_0324","TAGTCTAG-AGCTATGA","beta"
"human2_lib3.final_cell_0325","GATTCCGAGT-ACTCACCG","alpha"
"human2_lib3.final_cell_0326","TGAGACAACTT-TGTTTGAG","alpha"
"human2_lib3.final_cell_0327","GACAAGAGGG-TACCAGGC","ductal"
"human2_lib3.final_cell_0328","TGAGCAGGGTA-CGGCTTAC","ductal"
"human2_lib3.final_cell_0329","TGATTGTTTAC-CGCTAGTC","alpha"
"human2_lib3.final_cell_0330","TGATGTTTGAG-TGCGTATC","gamma"
"human2_lib3.final_cell_0331","GATAACCATC-TTTGTGTC","delta"
"human2_lib3.final_cell_0332","TGAAGGATTCA-GGGCCAAT","ductal"
"human2_lib3.final_cell_0333","GAGACGATGG-GGGAACCT","alpha"
"human2_lib3.final_cell_0334","GTTACGAT-CGTAGAAG","beta"
"human2_lib3.final_cell_0335","TGACGAGTCTG-GGTGGGAT","ductal"
"human2_lib3.final_cell_0336","ACGTATAC-CTTAGGTA","alpha"
"human2_lib3.final_cell_0337","AGCAAAGCC-TGTGCTCA","alpha"
"human2_lib3.final_cell_0338","ACCGCAACT-TGTAAAGG","gamma"
"human2_lib3.final_cell_0339","GCTTACCT-ATTCAGTA","alpha"
"human2_lib3.final_cell_0340","TGACTTGGTGT-CCAGCAGT","alpha"
"human2_lib3.final_cell_0341","TGATTGTTTAC-AAAGTCGG","ductal"
"human2_lib3.final_cell_0342","GATGGTTTCT-GATGTGAG","gamma"
"human2_lib3.final_cell_0343","AAGACACCA-CGAACGTA","alpha"
"human2_lib3.final_cell_0344","TGAGTTCTGTT-TCGGTTTA","alpha"
"human2_lib3.final_cell_0345","TGAGAGGCTGA-GTTAACCA","alpha"
"human2_lib3.final_cell_0346","ACTACTTGT-CAGACCAT","delta"
"human2_lib3.final_cell_0347","GATGTACACG-ACTAGCCA","gamma"
"human2_lib3.final_cell_0348","GATTAAACTG-AGACACCA","alpha"
"human2_lib3.final_cell_0349","TGACTAGTAAC-GCTTTGGC","endothelial"
"human2_lib3.final_cell_0350","GAGATTGCGA-GACGATGG","delta"
"human2_lib3.final_cell_0351","TGACTAGTAAC-CAATACTT","alpha"
"human2_lib3.final_cell_0352","TGACTAGTAAC-TTCCGAGT","ductal"
"human2_lib3.final_cell_0353","AACCTGAC-CGTAGAAG","gamma"
"human2_lib3.final_cell_0354","GGAAACAG-GGGCCAAT","activated_stellate"
"human2_lib3.final_cell_0355","TGAATGCATGG-TTTATCAC","beta"
"human2_lib3.final_cell_0356","GAAGTTTAGA-TTGTGACT","ductal"
"human2_lib3.final_cell_0357","TGATCCCTGAT-GCCACATC","activated_stellate"
"human2_lib3.final_cell_0358","GACGATTGAT-GTATGAGT","gamma"
"human2_lib3.final_cell_0359","ATGCTCCGT-AGCAGAAC","alpha"
"human2_lib3.final_cell_0360","GGGTTGGT-TTCACATA","beta"
"human2_lib3.final_cell_0361","ATGTGTCCT-TTGCACGC","gamma"
"human2_lib3.final_cell_0362","TACTTGTG-TGTAAAGG","alpha"
"human2_lib3.final_cell_0363","ACTTCAAT-GGACTTCC","gamma"
"human2_lib3.final_cell_0364","TGAATGCATGG-CGGCACAT","alpha"
"human2_lib3.final_cell_0365","GCTTTGGC-TAGAAATG","alpha"
"human2_lib3.final_cell_0366","GCATGGGT-TACCGGCA","beta"
"human2_lib3.final_cell_0367","ACAGATTAC-TGTCTTTC","ductal"
"human2_lib3.final_cell_0368","ACCATTTGA-GTTTACGT","alpha"
"human2_lib3.final_cell_0369","GATCCGTCCA-ACAGCGGA","ductal"
"human2_lib3.final_cell_0370","GAAGTGATGC-ATCCCACG","delta"
"human2_lib3.final_cell_0371","GAATTCCTTG-AAGTAATC","ductal"
"human2_lib3.final_cell_0372","CCCAAGCA-CATACATT","alpha"
"human2_lib3.final_cell_0373","ACACTCCTC-ATCAAGTG","alpha"
"human2_lib3.final_cell_0374","TGAGGTTTCTC-CGGCTTAC","beta"
"human2_lib3.final_cell_0375","GACCCTTCAG-GAGTTCAC","alpha"
"human2_lib3.final_cell_0376","TGACTACCGTT-GACAACTT","beta"
"human2_lib3.final_cell_0377","ACCTTGCC-GTTCTGTT","alpha"
"human2_lib3.final_cell_0378","TGGTATGA-GGGTTGGT","ductal"
"human2_lib3.final_cell_0379","ACCGTGTTT-ATATGCAT","gamma"
"human2_lib3.final_cell_0380","GGAGAAGC-CATCTCCC","alpha"
"human2_lib3.final_cell_0381","TGACTAGTAAC-ACTAGGAT","alpha"
"human2_lib3.final_cell_0382","ATGTGTCCT-GTTGCACG","alpha"
"human2_lib3.final_cell_0383","GAGAATTCGT-CACTCCTC","ductal"
"human2_lib3.final_cell_0384","CTTCAGGT-CAAGTCAT","alpha"
"human2_lib3.final_cell_0385","ACTGCGTTG-TGCCATCG","gamma"
"human2_lib3.final_cell_0386","TGAGACAACTT-CAGTCCCT","quiescent_stellate"
"human2_lib3.final_cell_0387","GATGTGAG-CCAACCGT","beta"
"human2_lib3.final_cell_0388","GTACCTTG-CTGTTCTT","ductal"
"human2_lib3.final_cell_0389","TAACTACT-AGCTATGA","alpha"
"human2_lib3.final_cell_0390","TGAATGCATGG-TTGCACGC","alpha"
"human2_lib3.final_cell_0391","GTGTAACC-GTCCAAAG","alpha"
"human2_lib3.final_cell_0392","GACAAGAGGG-CCTCGTCT","ductal"
"human2_lib3.final_cell_0393","ATTGTGACT-CGGGTAGT","alpha"
"human2_lib3.final_cell_0394","ATCTAGCAG-CACTCCTC","beta"
"human2_lib3.final_cell_0395","ACTTCAAT-AGATGGCT","ductal"
"human2_lib3.final_cell_0396","GGAGAAGC-TGGCCTGT","alpha"
"human2_lib3.final_cell_0397","GATCGGTTTA-TAGTCGCA","beta"
"human2_lib3.final_cell_0398","TGAACTAGCCA-TGCGACAG","alpha"
"human2_lib3.final_cell_0399","AAAATCGTT-CTGTTCTT","gamma"
"human2_lib3.final_cell_0400","TTATCTGT-TAGCTTAT","gamma"
"human2_lib3.final_cell_0401","GAACTGCCGT-CGCCTTGA","alpha"
"human2_lib3.final_cell_0402","GATGAGGTCT-TGCGACAG","beta"
"human2_lib3.final_cell_0403","GACTAGACCC-ACTGCCGT","alpha"
"human2_lib3.final_cell_0404","GAATTGGGCC-CTAGACCC","alpha"
"human2_lib3.final_cell_0405","ACCCTTGGT-TTGTCGCC","beta"
"human2_lib3.final_cell_0406","TGATACGTGCT-GTCATATT","alpha"
"human2_lib3.final_cell_0407","TGACAGACCAT-CGGGCTTT","alpha"
"human2_lib3.final_cell_0408","GAGAAAGACC-CACTCCTC","gamma"
"human2_lib3.final_cell_0409","GACCCTTCAG-GATCTCGG","alpha"
"human2_lib3.final_cell_0410","AGCAAAGCC-TTTAACAG","delta"
"human2_lib3.final_cell_0411","CCCAAGCA-CTCAGAAT","alpha"
"human2_lib3.final_cell_0412","GATGAGGTCT-ATGGAAAT","alpha"
"human2_lib3.final_cell_0413","GATGGAGGAG-CTCGATGC","beta"
"human2_lib3.final_cell_0414","ACTTCAAT-CGAACGTA","beta"
"human2_lib3.final_cell_0415","TGACTTCTGGA-TAACCCGT","alpha"
"human2_lib3.final_cell_0416","GAACACTAAG-GTCATATT","alpha"
"human2_lib3.final_cell_0417","TGAGTACACTC-CTACGAGC","endothelial"
"human2_lib3.final_cell_0418","AATGTTGGC-TGGCCTGT","ductal"
"human2_lib3.final_cell_0419","GATCCGTCCA-TTGTCGCC","gamma"
"human2_lib3.final_cell_0420","GAACCACGCT-CCACATTA","alpha"
"human2_lib3.final_cell_0421","CTATAGAG-GGGTGTAT","endothelial"
"human2_lib3.final_cell_0422","TGAAGCGCGAT-GGTGACAC","ductal"
"human2_lib3.final_cell_0423","AAAACTCGA-CCCTTGGT","gamma"
"human2_lib3.final_cell_0424","AAATCAGA-TCGACACC","delta"
"human2_lib3.final_cell_0425","TGACCAGCAGT-GGGTTGGT","gamma"
"human2_lib3.final_cell_0426","TGAGCGCATTC-AGACACCA","alpha"
"human2_lib3.final_cell_0427","GATCTCAACC-AGAACGGG","ductal"
"human2_lib3.final_cell_0428","GATACAAACT-ACTAGGAT","quiescent_stellate"
"human2_lib3.final_cell_0429","GTGTAACC-ACATCTAT","quiescent_stellate"
"human2_lib3.final_cell_0430","GCAGCATG-CCCGAATG","beta"
"human2_lib3.final_cell_0431","GAATCAAGTG-CTCCGCAT","beta"
"human2_lib3.final_cell_0432","AGAAGTCC-ACTTCAAT","gamma"
"human2_lib3.final_cell_0433","AGAAGTGCC-CGCTAATA","beta"
"human2_lib3.final_cell_0434","AACTGAGTT-GTGGATGG","alpha"
"human2_lib3.final_cell_0435","TGCGTATC-CTACTTGT","ductal"
"human2_lib3.final_cell_0436","GAGAAGGCTT-CCGCAACT","beta"
"human2_lib3.final_cell_0437","CGCTAATA-TACGTGCT","beta"
"human2_lib3.final_cell_0438","GATCCGTCCA-CCCATCTG","delta"
"human2_lib3.final_cell_0439","GACATTTGTT-CGGGTAGT","gamma"
"human2_lib3.final_cell_0440","TGATCCAGTCC-TTGATTCT","ductal"
"human2_lib3.final_cell_0441","GAGAAGGCTT-TCTCAACC","alpha"
"human2_lib3.final_cell_0442","ACCTTGCC-TGAAATGA","alpha"
"human2_lib3.final_cell_0443","AACCCATAT-AGCGTAGG","delta"
"human2_lib3.final_cell_0444","GGCCCTTA-TGCAAGGG","alpha"
"human2_lib3.final_cell_0445","GAGGTCCCTT-CTTCTTCG","ductal"
"human2_lib3.final_cell_0446","GGCCCTTA-CACTCCTC","beta"
"human2_lib3.final_cell_0447","TGAAAACTGGT-ACGCCATT","beta"
"human2_lib3.final_cell_0448","GACCTATTCA-CACTTTCT","ductal"
"human2_lib3.final_cell_0449","GATGTAGTTT-CCTGTTAT","alpha"
"human2_lib3.final_cell_0450","GAATGGGCAC-GGAATAGA","ductal"
"human2_lib3.final_cell_0451","TCATATGG-CAACGTGG","beta"
"human2_lib3.final_cell_0452","GACTCTTGAC-TAGCCTCG","alpha"
"human2_lib3.final_cell_0453","TGACACAACAG-TGTTTGAG","alpha"
"human2_lib3.final_cell_0454","TGATCCCGTAG-CATCTCCC","alpha"
"human2_lib3.final_cell_0455","ACCCACGA-AGCGTAGG","gamma"
"human2_lib3.final_cell_0456","GATCTCAACC-GAAGGCTT","alpha"
"human2_lib3.final_cell_0457","AGCCAAGAT-GTATGAGT","delta"
"human2_lib3.final_cell_0458","AAGCTTCT-CCTATTCA","alpha"
"human2_lib3.final_cell_0459","GATTTAACAG-CGGACAAC","beta"
"human2_lib3.final_cell_0460","GATAGTGTTT-GTTCTGTT","ductal"
"human2_lib3.final_cell_0461","GCTTTGGC-TGTTCCAG","alpha"
"human2_lib3.final_cell_0462","GACCCTTCAG-AGGTTGTG","alpha"
"human2_lib3.final_cell_0463","CCAACCGT-CTCGCGTA","beta"
"human2_lib3.final_cell_0464","TGATGCCC-CCTGACAC","alpha"
"human2_lib3.final_cell_0465","TGATCGACACC-CAGTTTGC","beta"
"human2_lib3.final_cell_0466","GAGGACTTCC-CAGTTTGC","beta"
"human2_lib3.final_cell_0467","TTTGTGTC-CCAACCGT","ductal"
"human2_lib3.final_cell_0468","TGAATGCATGG-CCTGACAC","ductal"
"human2_lib3.final_cell_0469","TGACAACAAAT-ACCCATAT","alpha"
"human2_lib3.final_cell_0470","GATGAAATGA-TAGAAATG","gamma"
"human2_lib3.final_cell_0471","GACAGTCCCT-GAGAATTG","alpha"
"human2_lib3.final_cell_0472","GAATTCCTTG-ACTAGGAT","alpha"
"human2_lib3.final_cell_0473","TGACCTGTTAT-GGTCACAG","ductal"
"human2_lib3.final_cell_0474","TGATATTGCCT-GTAATCCC","ductal"
"human2_lib3.final_cell_0475","GACGAGATGT-CGCTAGTC","beta"
"human2_lib3.final_cell_0476","AAGCGAAGT-AGCTATGA","alpha"
"human2_lib3.final_cell_0477","TGATGCCC-GATCGTTT","gamma"
"human2_lib3.final_cell_0478","GATCGGTACG-ACTAGCCA","ductal"
"human2_lib3.final_cell_0479","TGGCTACC-TATTGCCT","beta"
"human2_lib3.final_cell_0480","TGAAACCCTTG-CGCTCTCA","ductal"
"human2_lib3.final_cell_0481","TTGCATAT-CTTACGGG","beta"
"human2_lib3.final_cell_0482","GAGGACTTCC-CCTATTCA","alpha"
"human2_lib3.final_cell_0483","AGCCTCTTT-TGTAAAGG","alpha"
"human2_lib3.final_cell_0484","TGATTAGTCCG-TCGGTTCG","beta"
"human2_lib3.final_cell_0485","GGCCCTTA-AGATGGCT","alpha"
"human2_lib3.final_cell_0486","GAGAATACGC-CTCTTGAC","alpha"
"human2_lib3.final_cell_0487","GGTGGGAT-CGCTAGTC","ductal"
"human2_lib3.final_cell_0488","TAGCTTAT-GGTCCCTT","activated_stellate"
"human2_lib3.final_cell_0489","GATACAAACT-TAACCCGT","alpha"
"human2_lib3.final_cell_0490","AGAACGATT-ATGACCGA","ductal"
"human2_lib3.final_cell_0491","GTTTGTTT-ACGTATAC","delta"
"human2_lib3.final_cell_0492","TGAATGCATGG-TTGTGACT","alpha"
"human2_lib3.final_cell_0493","TTTGTGTC-TTGGATCG","quiescent_stellate"
"human2_lib3.final_cell_0494","TGAGTAATCCC-TACTTGTG","gamma"
"human2_lib3.final_cell_0495","TGCTATTT-CTTAGGTA","beta"
"human2_lib3.final_cell_0496","TGATCACCGAG-GAGCGGTA","mast"
"human2_lib3.final_cell_0497","ACCCTTGGT-GGGAGGTA","alpha"
"human2_lib3.final_cell_0498","TGACTTGGTGT-TAGTCTAG","quiescent_stellate"
"human2_lib3.final_cell_0499","GACGCCTTGA-TAAGACGG","alpha"
"human2_lib3.final_cell_0500","AAGCGAAGT-CGTATTTC","activated_stellate"
"human2_lib3.final_cell_0501","TGAGTACACTC-AGGTTGTG","alpha"
"human2_lib3.final_cell_0502","TGACCATTACT-TGCCATCG","beta"
"human2_lib3.final_cell_0503","GAGGTCCCTT-TTGTCGCC","alpha"
"human2_lib3.final_cell_0504","GTCTCTCT-TTGGCGTT","alpha"
"human2_lib3.final_cell_0505","ACCCTAACC-CATCTCCC","ductal"
"human2_lib3.final_cell_0506","GATTTAACAG-CTGTCTGG","ductal"
"human2_lib3.final_cell_0507","GAATTGGGCC-ATGAAGCA","ductal"
"human2_lib3.final_cell_0508","TGACTTCTGGA-CTAGATTG","beta"
"human2_lib3.final_cell_0509","GACAATTAGT-GGTCCCTT","endothelial"
"human2_lib3.final_cell_0510","GAGCGGTA-TAGCCTCG","ductal"
"human2_lib3.final_cell_0511","TGAATATAGGA-GAGTTCAC","beta"
"human2_lib3.final_cell_0512","GACAAGAGGG-GGTTTCTC","ductal"
"human2_lib3.final_cell_0513","GACGAATAAT-TTGTCGCC","alpha"
"human2_lib3.final_cell_0514","AGCCTCTTT-TTGTCGCC","alpha"
"human2_lib3.final_cell_0515","TGACGGGTAGT-CGCCTTGA","beta"
"human2_lib3.final_cell_0516","AGTTACCGC-GTTAACCA","gamma"
"human2_lib3.final_cell_0517","AATGTTGGC-GTGTCGGA","alpha"
"human2_lib3.final_cell_0518","ACTGCGTTG-TGCGTATC","alpha"
"human2_lib3.final_cell_0519","CATCGCAG-ATTCAGTA","beta"
"human2_lib3.final_cell_0520","AGAACGATT-ACGCAGAG","alpha"
"human2_lib3.final_cell_0521","TGATATTGCCT-CTTACTCC","beta"
"human2_lib3.final_cell_0522","ACTTAGGTA-AAATCGTT","beta"
"human2_lib3.final_cell_0523","TGCCTCAC-CAGACCAT","endothelial"
"human2_lib3.final_cell_0524","ACGCTCTCA-GCTTTCCA","beta"
"human2_lib3.final_cell_0525","TGACGGGTAGT-CAAGTCAT","mast"
"human2_lib3.final_cell_0526","TGACACAAGGC-TGACCCTC","gamma"
"human2_lib3.final_cell_0527","TGAAGGATTCA-GGAAACAG","gamma"
"human2_lib3.final_cell_0528","TGAGTTCTGTT-ACTGAGTT","alpha"
"human2_lib3.final_cell_0529","ATTCGTTCC-TGTTTGAG","ductal"
"human2_lib3.final_cell_0530","GATGAGGTCT-ATGTTGGC","mast"
"human2_lib3.final_cell_0531","GAAGTGATGC-TAGCTTAT","alpha"
"human2_lib3.final_cell_0532","GACCCATAGC-TACCAGGC","alpha"
"human2_lib3.final_cell_0533","GATTAAACTG-ATCCCACG","alpha"
"human2_lib3.final_cell_0534","GACCTATTCA-ATATACCT","beta"
"human2_lib3.final_cell_0535","GATGGAGGAG-GACAGATA","alpha"
"human2_lib3.final_cell_0536","TGACGAGTCTG-ACCACGCT","alpha"
"human2_lib3.final_cell_0537","ATGTGTCCT-GGTCACAG","alpha"
"human2_lib3.final_cell_0538","GTTTGTTT-CGAACGTA","alpha"
"human2_lib3.final_cell_0539","AGGGCCAAT-CTTCGATT","alpha"
"human2_lib3.final_cell_0540","TGAAACACACG-CTCGCGTA","ductal"
"human2_lib3.final_cell_0541","TGATGCCC-ACGTATAC","alpha"
"human2_lib3.final_cell_0542","GAATTCCTTG-CCTATTCA","beta"
"human2_lib3.final_cell_0543","GAGTCCAAAG-CGGACAAC","beta"
"human2_lib3.final_cell_0544","GACCCGAATG-AGATGGCT","alpha"
"human2_lib3.final_cell_0545","AGCAGAAC-TAACCATC","activated_stellate"
"human2_lib3.final_cell_0546","GAGGTCCCTT-ACGAAACG","mast"
"human2_lib3.final_cell_0547","TGACTGTTCTT-TTGCACGC","activated_stellate"
"human2_lib3.final_cell_0548","GAACGCCATT-TTTGTGTC","alpha"
"human2_lib3.final_cell_0549","GTTTGTTT-CACGGACT","ductal"
"human2_lib3.final_cell_0550","TGCCTCAC-ATTTCCGG","beta"
"human2_lib3.final_cell_0551","TGAGATTTACC-CCTGTTAT","alpha"
"human2_lib3.final_cell_0552","GACTAGACCC-TTGGATCG","ductal"
"human2_lib3.final_cell_0553","TGACCAGT-CATCTCCC","gamma"
"human2_lib3.final_cell_0554","TGATTGTCGCC-ACCCACGA","beta"
"human2_lib3.final_cell_0555","GATGCCATCG-ATTCCTTG","beta"
"human2_lib3.final_cell_0556","AGTTTACGT-ACTCACCG","alpha"
"human2_lib3.final_cell_0557","GAGGCGTTAG-CCAACCGT","beta"
"human2_lib3.final_cell_0558","TGATTTACCCT-AGAAGTTA","alpha"
"human2_lib3.final_cell_0559","TCATATGG-CGAGTCTG","gamma"
"human2_lib3.final_cell_0560","TAGCTTAT-GTCTCTCT","beta"
"human2_lib3.final_cell_0561","CATCGCAG-GCAACCTG","activated_stellate"
"human2_lib3.final_cell_0562","GAGGACTTCC-CGGACAAC","macrophage"
"human2_lib3.final_cell_0563","GTAACGTT-ATTCCTTG","ductal"
"human2_lib3.final_cell_0564","GTGTAACC-TGTCTTTC","activated_stellate"
"human2_lib3.final_cell_0565","GACCTACTAG-GCTTTGGC","alpha"
"human3_lib1.final_cell_0001","TGAAAACTGGT-ATGTTGGC","acinar"
"human3_lib1.final_cell_0002","ACGGAATTT-GATCGTTT","acinar"
"human3_lib1.final_cell_0003","TGAGGCGGTTT-AAAGCCTA","acinar"
"human3_lib1.final_cell_0004","ACGTATAC-TGATAACA","acinar"
"human3_lib1.final_cell_0005","AAATGAATG-GAAAGACC","acinar"
"human3_lib1.final_cell_0006","AAGTGAAAG-ATGCATGG","acinar"
"human3_lib1.final_cell_0007","AACTCACCG-CCTGACAC","acinar"
"human3_lib1.final_cell_0008","TGAAACAATCC-TAGAAATG","acinar"
"human3_lib1.final_cell_0009","AAAGTAATC-GATTGCGA","acinar"
"human3_lib1.final_cell_0010","TGACTACGAGC-GCAAGGAC","acinar"
"human3_lib1.final_cell_0011","GATTTAACAG-TGTAAAGG","acinar"
"human3_lib1.final_cell_0012","AGGCCTAAG-AGCGCGAT","acinar"
"human3_lib1.final_cell_0013","AAGCTTCT-AAACGCCT","acinar"
"human3_lib1.final_cell_0014","TACAGCCG-CGTGCTAG","acinar"
"human3_lib1.final_cell_0015","TGACTCAGAAT-ATCAGCGC","acinar"
"human3_lib1.final_cell_0016","TGATTGTTTAC-GAATTCGT","acinar"
"human3_lib1.final_cell_0017","AGTGTCGGA-GGGAAATC","acinar"
"human3_lib1.final_cell_0018","TCCAGGGA-GTCTCTCT","acinar"
"human3_lib1.final_cell_0019","AAGCTTCT-TCCCAATC","acinar"
"human3_lib1.final_cell_0020","TGAGGTTTCTC-TAGCTTAT","acinar"
"human3_lib1.final_cell_0021","GATGGGATTC-AGAACGGG","acinar"
"human3_lib1.final_cell_0022","GGTGGGAT-TGTCTTTC","acinar"
"human3_lib1.final_cell_0023","GAAAGATTGT-TTGGCGTT","acinar"
"human3_lib1.final_cell_0024","GAACTGCCGT-CTAGACCC","acinar"
"human3_lib1.final_cell_0025","AAAACGCCT-CCATTTGA","acinar"
"human3_lib1.final_cell_0026","ATCACGTTT-AGCTACGG","acinar"
"human3_lib1.final_cell_0027","AAAGTAATC-CAGATTAC","acinar"
"human3_lib1.final_cell_0028","TGATCGACGGT-GGTCCCTT","delta"
"human3_lib1.final_cell_0029","TGATGTCTTTC-GGATAAAG","acinar"
"human3_lib1.final_cell_0030","AGTGGATGG-CTTCTTCG","delta"
"human3_lib1.final_cell_0031","AATGGATTA-GTGGATGG","acinar"
"human3_lib1.final_cell_0032","TGATTGCACGC-CCAACCGT","acinar"
"human3_lib1.final_cell_0033","ATCCGCTA-ACCTTGCC","acinar"
"human3_lib1.final_cell_0034","TGAGGTTTCTC-ATACCCAG","acinar"
"human3_lib1.final_cell_0035","TACAGCCG-GGACTTCC","acinar"
"human3_lib1.final_cell_0036","TGATAACCCGT-AAGGTAAT","acinar"
"human3_lib1.final_cell_0037","GATACCAGGC-AGAAGTTA","acinar"
"human3_lib1.final_cell_0038","GATGTACACG-TGAGGTCT","acinar"
"human3_lib1.final_cell_0039","AAGAACGGG-AAACCTCC","delta"
"human3_lib1.final_cell_0040","CGGCACAT-AGGTTGTG","acinar"
"human3_lib1.final_cell_0041","GACTCTTGAC-GAGCGGTA","acinar"
"human3_lib1.final_cell_0042","AAGTGAAAG-TTCCAGAC","acinar"
"human3_lib1.final_cell_0043","GGAAACAG-GGCCTAAG","acinar"
"human3_lib1.final_cell_0044","AGAGACTA-CTAGATTG","acinar"
"human3_lib1.final_cell_0045","ATAGTGGAC-GACAAAGG","acinar"
"human3_lib1.final_cell_0046","TGAAGGAGCTT-TCACGTTT","acinar"
"human3_lib1.final_cell_0047","AGTGTCGGA-GTTGTCAT","acinar"
"human3_lib1.final_cell_0048","AACTGAGTT-ATGGAAAT","ductal"
"human3_lib1.final_cell_0049","AGTCAAAGA-AAGCGTAC","acinar"
"human3_lib1.final_cell_0050","GACTCTTGAC-GACAACTT","acinar"
"human3_lib1.final_cell_0051","TGACAAGTCAT-TCACGTTT","acinar"
"human3_lib1.final_cell_0052","TGACACAACAG-AGAAGTCC","acinar"
"human3_lib1.final_cell_0053","ACGTGGATA-TTCCAGAC","acinar"
"human3_lib1.final_cell_0054","ATTTGGGAG-TGGTATGA","acinar"
"human3_lib1.final_cell_0055","CGAACGTA-GAATACGC","acinar"
"human3_lib1.final_cell_0056","ATTTATCAC-AATGAATG","alpha"
"human3_lib1.final_cell_0057","AAAGGTAAT-TGACGGAC","acinar"
"human3_lib1.final_cell_0058","TTGCATAT-CTTCGCAC","acinar"
"human3_lib1.final_cell_0059","ATATGCAT-CAATACTT","acinar"
"human3_lib1.final_cell_0060","GACGAGATGT-ATGGGCAC","acinar"
"human3_lib1.final_cell_0061","AATTCCCA-ATATAGGA","acinar"
"human3_lib1.final_cell_0062","TGAGAGGCTGA-AATTCCCA","acinar"
"human3_lib1.final_cell_0063","TGACAGACCAT-GTAACGTT","acinar"
"human3_lib1.final_cell_0064","TGAGACAACTT-AGCGCGAT","beta"
"human3_lib1.final_cell_0065","ACGTGCTAG-TACAGCCG","ductal"
"human3_lib1.final_cell_0066","GCTTTGGC-CCACATTA","acinar"
"human3_lib1.final_cell_0067","GACCCGAATG-CAAGAGGG","acinar"
"human3_lib1.final_cell_0068","ACGGAATTT-ATGGAAAT","alpha"
"human3_lib1.final_cell_0069","AATGCGGAT-TAACCCGT","acinar"
"human3_lib1.final_cell_0070","GATAGTGTTT-ACGCCATT","acinar"
"human3_lib1.final_cell_0071","ACTCCGCAT-ATATAGGA","endothelial"
"human3_lib1.final_cell_0072","TGACCATTACT-TGTTTGAG","acinar"
"human3_lib1.final_cell_0073","GACCCTTCAG-AATGAATG","acinar"
"human3_lib1.final_cell_0074","CGGCTTAC-AAATGTCG","acinar"
"human3_lib1.final_cell_0075","TGATGATAACA-GACAAAGG","delta"
"human3_lib1.final_cell_0076","GGATAAAG-ATCCCACG","acinar"
"human3_lib1.final_cell_0077","AGGCCTAAG-ATACTCTT","acinar"
"human3_lib1.final_cell_0078","TGACATACATT-GATGTATT","acinar"
"human3_lib1.final_cell_0079","GATTGATCTA-GGGAAATC","acinar"
"human3_lib1.final_cell_0080","TTCCGCTC-GGGAACCT","acinar"
"human3_lib1.final_cell_0081","TGAGTGGAGCT-AGCGCCTT","alpha"
"human3_lib1.final_cell_0082","TGAAAACTGGT-ACAGCGGA","acinar"
"human3_lib1.final_cell_0083","AAAAGTCGG-GGTTAGTG","alpha"
"human3_lib1.final_cell_0084","GAAAGCGTAC-TATTGCCT","acinar"
"human3_lib1.final_cell_0085","ATCTGCATC-ATGCATGG","acinar"
"human3_lib1.final_cell_0086","GTTACGAT-GAAGTGCC","acinar"
"human3_lib1.final_cell_0087","ACGCTCTCA-GTTAACCA","acinar"
"human3_lib1.final_cell_0088","TGAATTCGACG-AGGCAACG","activated_stellate"
"human3_lib1.final_cell_0089","TTGCATAT-GCAAGGAC","acinar"
"human3_lib1.final_cell_0090","ATATGCAT-GTCTCTCT","acinar"
"human3_lib1.final_cell_0091","AGGGCCAAT-AGAACGGG","delta"
"human3_lib1.final_cell_0092","AGTCAAAGA-AGAACGGG","acinar"
"human3_lib1.final_cell_0093","GAGAGCCCAT-AAACAGGG","acinar"
"human3_lib1.final_cell_0094","TGAATGACCGA-GTGGAGCT","acinar"
"human3_lib1.final_cell_0095","AGAGACTA-GGCTACTA","acinar"
"human3_lib1.final_cell_0096","GCAGTCGA-AACTTAGC","acinar"
"human3_lib1.final_cell_0097","CCCAAGCA-TTCGGCCT","acinar"
"human3_lib1.final_cell_0098","TGAAAACAGGG-AGCACCAC","acinar"
"human3_lib1.final_cell_0099","AGTCAATAC-GGTGGGAT","beta"
"human3_lib1.final_cell_0100","GAACTAGGAT-AGTGATGC","beta"
"human3_lib1.final_cell_0101","ATATGCAT-CTTCTTCG","acinar"
"human3_lib1.final_cell_0102","ATAGTGGAC-CGTAGAAG","alpha"
"human3_lib1.final_cell_0103","AAATCGGGT-TTGTTTAC","alpha"
"human3_lib1.final_cell_0104","GACGCCTTGA-ATTCCTTG","delta"
"human3_lib1.final_cell_0105","GATACCAGGC-AGGATTCA","acinar"
"human3_lib1.final_cell_0106","GACCTATTCA-GGGTTGGT","delta"
"human3_lib1.final_cell_0107","TTAAGCGT-GTCTCTCT","acinar"
"human3_lib1.final_cell_0108","GAATTCCTTG-TAACCATC","acinar"
"human3_lib1.final_cell_0109","TGACTCGCGTA-CCCAAGCA","acinar"
"human3_lib1.final_cell_0110","GATTGGCGTT-GCAAGGAC","delta"
"human3_lib1.final_cell_0111","AAGCTTCT-TGCTCCGT","alpha"
"human3_lib1.final_cell_0112","AGCAACCTG-TTGTTTAC","acinar"
"human3_lib1.final_cell_0113","TCGAAGCT-GAAGCACT","acinar"
"human3_lib1.final_cell_0114","GAAGGAAGAC-TCCCAATC","delta"
"human3_lib1.final_cell_0115","ACGTGGATA-TTCCGAGT","alpha"
"human3_lib1.final_cell_0116","GATTGAGGGT-TCGGTTTA","acinar"
"human3_lib1.final_cell_0117","ACGTGGATA-ATGCGGAT","acinar"
"human3_lib1.final_cell_0118","ACAGATTAC-TTTGGGAG","alpha"
"human3_lib1.final_cell_0119","AACCCATAT-GTTAACCA","acinar"
"human3_lib1.final_cell_0120","ATTAGGACC-CGTGGATA","acinar"
"human3_lib1.final_cell_0121","TGATCCCTGAT-CTTCTTCG","acinar"
"human3_lib1.final_cell_0122","TGATCGACGGT-CGGCACAT","beta"
"human3_lib1.final_cell_0123","TGACAATACTT-ACTAGCCA","acinar"
"human3_lib1.final_cell_0124","GATTGAGGGT-ATGAAGCA","acinar"
"human3_lib1.final_cell_0125","CAGTTTGC-TCTAGCAG","acinar"
"human3_lib1.final_cell_0126","TGACGTAGAAG-GGAAACAG","beta"
"human3_lib1.final_cell_0127","ACTGCGTTG-AAACTCGA","alpha"
"human3_lib1.final_cell_0128","TGCGACAG-CTATAGAG","delta"
"human3_lib1.final_cell_0129","ACTAGATTG-GGGAAATC","alpha"
"human3_lib1.final_cell_0130","TGATCGTCATG-TCATGAGG","delta"
"human3_lib1.final_cell_0131","GAATCAAGTG-AGAGGTGG","acinar"
"human3_lib1.final_cell_0132","AGGCAACG-AGAAGTCC","beta"
"human3_lib1.final_cell_0133","ACGTGCTAG-TCGGTTTA","ductal"
"human3_lib1.final_cell_0134","GAGCGTTGCT-ACGGTAGC","beta"
"human3_lib1.final_cell_0135","GATGTTCCAG-TTAGTCCG","ductal"
"human3_lib1.final_cell_0136","TGATCGACACC-TGCCATCG","delta"
"human3_lib1.final_cell_0137","TGAGGCTACTA-AAACCTCC","beta"
"human3_lib1.final_cell_0138","TGAGTGGAGCT-GCCACATC","acinar"
"human3_lib1.final_cell_0139","GATGCCATCG-GATCTCGG","alpha"
"human3_lib1.final_cell_0140","TCCAGGGA-TTGAGGGT","beta"
"human3_lib1.final_cell_0141","GAGTTAACCA-TAAATAGG","delta"
"human3_lib1.final_cell_0142","AACTGAGTT-TCTAGCAG","activated_stellate"
"human3_lib1.final_cell_0143","AATGTTTG-ATCTTTGT","beta"
"human3_lib1.final_cell_0144","AACGCAGAG-AAGATTGT","alpha"
"human3_lib1.final_cell_0145","GAGGCGTTAG-TGGCCTGT","delta"
"human3_lib1.final_cell_0146","AACGAAACG-TTTATCAC","acinar"
"human3_lib1.final_cell_0147","AGGTGACAC-AGCTATGA","beta"
"human3_lib1.final_cell_0148","ACGTGCTAG-GCCAAGAT","alpha"
"human3_lib1.final_cell_0149","GGATAAAG-ACACTAAG","beta"
"human3_lib1.final_cell_0150","TGAGGCGGTTT-GTAATCCC","acinar"
"human3_lib1.final_cell_0151","TGAGCAGGGTA-TCTCACTT","beta"
"human3_lib1.final_cell_0152","AAGTGAAAG-TGTAGTTT","alpha"
"human3_lib1.final_cell_0153","ACGGAATTT-GTGTCGGA","alpha"
"human3_lib1.final_cell_0154","GATGAAATGA-GAATTCGT","beta"
"human3_lib1.final_cell_0155","CGACGTCA-GGCCTAAG","acinar"
"human3_lib1.final_cell_0156","ACTAGATTG-ATTCGACG","alpha"
"human3_lib1.final_cell_0157","GATGAGGTCT-GAGCCCAT","activated_stellate"
"human3_lib1.final_cell_0158","TGATCGACACC-ACTTCAAT","acinar"
"human3_lib1.final_cell_0159","AGTATGAGT-GTCCAAAG","beta"
"human3_lib1.final_cell_0160","ATTTGGGAG-GTTAACCA","ductal"
"human3_lib1.final_cell_0161","ACAGGTGTC-TACAGCCG","acinar"
"human3_lib1.final_cell_0162","AGGTTAGTG-GGTGACAC","ductal"
"human3_lib1.final_cell_0163","GATCGGTACG-ACGAAACG","beta"
"human3_lib1.final_cell_0164","TGAGTGGAGCT-GTACACTC","beta"
"human3_lib1.final_cell_0165","ATCACGTTT-TACCGGCA","delta"
"human3_lib1.final_cell_0166","CTATAGAG-TAAATAGG","beta"
"human3_lib1.final_cell_0167","TGATCGACGGT-TGAGGTCT","beta"
"human3_lib1.final_cell_0168","GACGTCAGCA-CCCAAGCA","acinar"
"human3_lib1.final_cell_0169","CCAACCGT-GGGAAGGT","alpha"
"human3_lib1.final_cell_0170","TGATTTACCCT-GTTACCGC","acinar"
"human3_lib1.final_cell_0171","AGTTTACGT-GAAGGCTT","alpha"
"human3_lib1.final_cell_0172","GATGGGATTC-CTACGAGC","acinar"
"human3_lib1.final_cell_0173","AGTGGATGG-AAACTGGT","alpha"
"human3_lib1.final_cell_0174","AGGCCTAAG-GAGGCTGA","acinar"
"human3_lib1.final_cell_0175","AAATCAGA-ATGACCGA","beta"
"human3_lib1.final_cell_0176","GATGCCATCG-CTGAGTGC","beta"
"human3_lib1.final_cell_0177","TTAAGCGT-CGCTCTCA","alpha"
"human3_lib1.final_cell_0178","TGAGACAACTT-GGGAACGA","beta"
"human3_lib1.final_cell_0179","GAGAGAATTG-GGCCCTTA","acinar"
"human3_lib1.final_cell_0180","ACTAGATTG-CCCGACTT","beta"
"human3_lib1.final_cell_0181","TGACAGACCAT-CAGTCCCT","acinar"
"human3_lib1.final_cell_0182","TGCGTATC-GGAGAAGC","alpha"
"human3_lib1.final_cell_0183","ATATGCAT-TCTCAACC","beta"
"human3_lib1.final_cell_0184","TGATTAGTCCG-ACTGCCGT","alpha"
"human3_lib1.final_cell_0185","GACAATTAGT-CCCGAATG","acinar"
"human3_lib1.final_cell_0186","ATTGGATCG-TCGGTTCG","alpha"
"human3_lib1.final_cell_0187","GATCGGTACG-TGCGTATC","alpha"
"human3_lib1.final_cell_0188","AGAGGTGG-ATGGAAAT","delta"
"human3_lib1.final_cell_0189","TGATCCCTGAT-TTGGATCG","beta"
"human3_lib1.final_cell_0190","AAATGAATG-CACAGTTT","acinar"
"human3_lib1.final_cell_0191","AACGGTAGC-GGGAACCT","alpha"
"human3_lib1.final_cell_0192","GAGCGGTA-GCGCATTC","delta"
"human3_lib1.final_cell_0193","GGATAAAG-GATTGCGA","delta"
"human3_lib1.final_cell_0194","GAATGGGCAC-ATATAGGA","delta"
"human3_lib1.final_cell_0195","ACCCTAACC-TTAAACTG","acinar"
"human3_lib1.final_cell_0196","GTTTGTTT-TCATCCTT","acinar"
"human3_lib1.final_cell_0197","TGAGGCGGTTT-GTAACGTT","acinar"
"human3_lib1.final_cell_0198","ATCAGCGC-CTTCTTCG","alpha"
"human3_lib1.final_cell_0199","ACGTGGATA-CACAAGGC","beta"
"human3_lib1.final_cell_0200","ATTTGGGAG-CCGCAACT","acinar"
"human3_lib1.final_cell_0201","AGCTTTCCA-CCGCTGTT","acinar"
"human3_lib1.final_cell_0202","GATCGGTTTA-CACAAGGC","beta"
"human3_lib1.final_cell_0203","TGAATTCGACG-AGAGACTA","beta"
"human3_lib1.final_cell_0204","CTTCAGGT-CCCTTGGT","acinar"
"human3_lib1.final_cell_0205","ACGTGGATA-CGCCTTGA","alpha"
"human3_lib1.final_cell_0206","GATTGATCTA-GTGTCGGA","ductal"
"human3_lib1.final_cell_0207","GACACGGACT-GATTGCGA","alpha"
"human3_lib1.final_cell_0208","AGTATGAGT-CTTGGTGT","beta"
"human3_lib1.final_cell_0209","ATTTGGGAG-CCCGAATG","acinar"
"human3_lib1.final_cell_0210","GCATGGGT-TGCGACAG","beta"
"human3_lib1.final_cell_0211","AGGTTAGTG-TCGACACC","acinar"
"human3_lib1.final_cell_0212","TGGTATGA-CTAGACCC","acinar"
"human3_lib1.final_cell_0213","GATAACCATC-CATACATT","beta"
"human3_lib1.final_cell_0214","ATTTGGGAG-TTTAACAG","acinar"
"human3_lib1.final_cell_0215","AAGCGCCTT-TAAATAGG","acinar"
"human3_lib1.final_cell_0216","GCTCTAGT-ACTTCAAT","delta"
"human3_lib1.final_cell_0217","GAAGTGATGC-CTCGCGTA","delta"
"human3_lib1.final_cell_0218","TGCAAGGG-TCACGTTT","beta"
"human3_lib1.final_cell_0219","GACAAGAGGG-ACCACGCT","beta"
"human3_lib1.final_cell_0220","AGCCTCTTT-AGAGACTA","acinar"
"human3_lib1.final_cell_0221","AAAACTCGA-TACAAACT","alpha"
"human3_lib1.final_cell_0222","ATTGGATCG-TCTGCATC","alpha"
"human3_lib1.final_cell_0223","ATAGTGGAC-GCAACCTG","alpha"
"human3_lib1.final_cell_0224","GATCCCAATC-CCCGAATG","acinar"
"human3_lib1.final_cell_0225","AGTTTACGT-GCAAAGCC","ductal"
"human3_lib1.final_cell_0226","ATTGATTCT-AAGATTGT","beta"
"human3_lib1.final_cell_0227","TACCGGCA-CCCTAACC","alpha"
"human3_lib1.final_cell_0228","GATTTAACAG-GGTTAGTG","ductal"
"human3_lib1.final_cell_0229","GAGTTTCG-CTTAGGTA","alpha"
"human3_lib1.final_cell_0230","GAGATCTCGG-GCCAAGAT","acinar"
"human3_lib1.final_cell_0231","TGATAACCCGT-GTACACTC","activated_stellate"
"human3_lib1.final_cell_0232","TGAGGCGGTTT-TTCACATA","alpha"
"human3_lib1.final_cell_0233","TACCGGCA-GCAACCTG","beta"
"human3_lib1.final_cell_0234","TGACTACGAGC-CTGTCTGG","beta"
"human3_lib1.final_cell_0235","TGACAAGTCAT-ATGGATTA","beta"
"human3_lib1.final_cell_0236","TCCTTATT-GAGCGGTA","alpha"
"human3_lib1.final_cell_0237","ATCTAGCAG-GAGTTTCG","alpha"
"human3_lib1.final_cell_0238","AAAACTCGA-GCATGGGT","acinar"
"human3_lib1.final_cell_0239","CGCTAATA-AGGAGCTT","alpha"
"human3_lib1.final_cell_0240","ATTAGGACC-ATTGGGCC","alpha"
"human3_lib1.final_cell_0241","CCCATCTG-AACAATCC","beta"
"human3_lib1.final_cell_0242","GATACCAGGC-TGTTTGAG","beta"
"human3_lib1.final_cell_0243","GATTGATCTA-AATTCCCA","alpha"
"human3_lib1.final_cell_0244","GACCTATTCA-GCAACCTG","acinar"
"human3_lib1.final_cell_0245","GACAGTCCCT-TTGAGGGT","beta"
"human3_lib1.final_cell_0246","TGACCAGT-CTCGCGTA","acinar"
"human3_lib1.final_cell_0247","AAAAGCCTA-CCCATCTG","ductal"
"human3_lib1.final_cell_0248","ATCTTTGT-GTCGTCGT","beta"
"human3_lib1.final_cell_0249","AGCAACCTG-CTGTCTGG","beta"
"human3_lib1.final_cell_0250","GATGACGGAC-AGGAAGAC","alpha"
"human3_lib1.final_cell_0251","AATGTTGGC-GACAGATA","alpha"
"human3_lib1.final_cell_0252","ACTAGATTG-TACGTGCT","alpha"
"human3_lib1.final_cell_0253","GAAAGCGTAC-TGCTCCGT","acinar"
"human3_lib1.final_cell_0254","ATCATGAGG-AGATGGCT","alpha"
"human3_lib1.final_cell_0255","ACTCCGCAT-GCAACCTG","acinar"
"human3_lib1.final_cell_0256","TGAATGACCGA-CAAGTCAT","alpha"
"human3_lib1.final_cell_0257","TGACACAAGGC-AGATGGCT","beta"
"human3_lib1.final_cell_0258","GATGGTTTCT-GCGTTGCT","alpha"
"human3_lib1.final_cell_0259","ACAGATTAC-CAGACCAT","beta"
"human3_lib1.final_cell_0260","ACACTCCTC-CCCAAGCA","beta"
"human3_lib1.final_cell_0261","TGACTCGATGC-GGTCACAG","delta"
"human3_lib1.final_cell_0262","GAACAGCGGA-ACTCACCG","activated_stellate"
"human3_lib1.final_cell_0263","ACCGCAACT-GATGTATT","alpha"
"human3_lib1.final_cell_0264","CGGCACAT-CTACCGTT","acinar"
"human3_lib1.final_cell_0265","ACAGATTAC-AACTTAGC","ductal"
"human3_lib1.final_cell_0266","AGAAGTCC-AAGATTGT","alpha"
"human3_lib1.final_cell_0267","AGTTACCGC-GTAACGTT","alpha"
"human3_lib1.final_cell_0268","GAGAGCCCAT-ATTCCTTG","acinar"
"human3_lib1.final_cell_0269","TGACACAACAG-CTTCTTCG","beta"
"human3_lib1.final_cell_0270","GAAAGCGTAC-AGGCAACG","acinar"
"human3_lib1.final_cell_0271","AAATGAATG-ATTTCCGG","delta"
"human3_lib1.final_cell_0272","GATAACCATC-GTTCTGTT","delta"
"human3_lib1.final_cell_0273","CGAACGTA-TCACGTTT","alpha"
"human3_lib1.final_cell_0274","ACTTAGGTA-ATGACTTT","delta"
"human3_lib1.final_cell_0275","AATTCAGTA-CGTAGAAG","beta"
"human3_lib1.final_cell_0276","GACTAGACCC-GCTTTGGC","activated_stellate"
"human3_lib1.final_cell_0277","GATGACGGAC-AACCTGAC","alpha"
"human3_lib1.final_cell_0278","TCATCCTT-TGGTATGA","beta"
"human3_lib1.final_cell_0279","GATCGTTT-GATTTACC","acinar"
"human3_lib1.final_cell_0280","ATTAGGACC-TTATAGCC","alpha"
"human3_lib1.final_cell_0281","GAGAAAGACC-GTAATCCC","alpha"
"human3_lib1.final_cell_0282","TGCCTCAC-TGGTATGA","acinar"
"human3_lib1.final_cell_0283","TGATTCACATA-GGTGGGAT","beta"
"human3_lib1.final_cell_0284","TGAGCAAGGAC-AATGAATG","ductal"
"human3_lib1.final_cell_0285","TAACTACT-TGATAACA","alpha"
"human3_lib1.final_cell_0286","GAACACTAAG-CTTCTTCG","alpha"
"human3_lib1.final_cell_0287","TTATAGCC-TATTGCCT","beta"
"human3_lib1.final_cell_0288","AGTCAATAC-CAGTTTGC","ductal"
"human3_lib1.final_cell_0289","GACTTACTCC-AGAACGGG","alpha"
"human3_lib1.final_cell_0290","TGATTGTTTAC-GCATGGGT","quiescent_stellate"
"human3_lib1.final_cell_0291","CTTCAGGT-AGGCAACG","alpha"
"human3_lib1.final_cell_0292","AAAAGCCTA-ACGAAACG","ductal"
"human3_lib1.final_cell_0293","GATCGGTACG-ATCAGCGC","alpha"
"human3_lib1.final_cell_0294","TGATGTTTGAG-ATTCCTTG","beta"
"human3_lib1.final_cell_0295","TGATAGAAATG-TGCGACAG","alpha"
"human3_lib1.final_cell_0296","AGGGAAGGT-GTCCGTAC","alpha"
"human3_lib1.final_cell_0297","ACGTATAC-AGCGCCTT","alpha"
"human3_lib1.final_cell_0298","AGGTCACAG-TCATATGG","delta"
"human3_lib1.final_cell_0299","ACAGGTGTC-TCTAGCAG","alpha"
"human3_lib1.final_cell_0300","TGACTCAGAAT-GGGAGGTA","acinar"
"human3_lib1.final_cell_0301","CGACGTCA-CATCGCAG","delta"
"human3_lib1.final_cell_0302","GACGGGCTTT-GTCCATGT","acinar"
"human3_lib1.final_cell_0303","TGAGAAGCACT-GTTACGAT","alpha"
"human3_lib1.final_cell_0304","AAAGTAATC-CAATTAGT","beta"
"human3_lib1.final_cell_0305","AAAAGTCGG-ATTCCTTG","ductal"
"human3_lib1.final_cell_0306","AGGGAAGGT-CTTCTTCG","ductal"
"human3_lib1.final_cell_0307","GACAGTCCCT-GGAGAAGC","acinar"
"human3_lib1.final_cell_0308","AGGTGACAC-ATATCTTC","ductal"
"human3_lib1.final_cell_0309","AGTTTACGT-ACTTCAAT","ductal"
"human3_lib1.final_cell_0310","GATGGAGGAG-TCATATGG","delta"
"human3_lib1.final_cell_0311","TGATTGCACGC-GCGCATTC","alpha"
"human3_lib1.final_cell_0312","TGATGTCTTTC-TCTAGCAG","beta"
"human3_lib1.final_cell_0313","AGAGGTGG-CTGGTGCA","beta"
"human3_lib1.final_cell_0314","AAATGACCC-GTGTAACC","delta"
"human3_lib1.final_cell_0315","GATGGGATTC-ATGAAGCA","alpha"
"human3_lib1.final_cell_0316","GATTAGAC-ATACCCAG","beta"
"human3_lib1.final_cell_0317","GATGAGGTCT-TTCGTTCC","beta"
"human3_lib1.final_cell_0318","ATCGGTTCG-GGTTTCTC","alpha"
"human3_lib1.final_cell_0319","GAAAGATTGT-GGAAACAG","alpha"
"human3_lib1.final_cell_0320","TGACCAGCAGT-GTTCTGTT","endothelial"
"human3_lib1.final_cell_0321","AGAGGTGG-GGGAACGA","alpha"
"human3_lib1.final_cell_0322","TGAAGGTTGTG-CACTCCTC","beta"
"human3_lib1.final_cell_0323","GAAGGAAGAC-ATGACTTT","beta"
"human3_lib1.final_cell_0324","CCAACCGT-CGTATCGG","alpha"
"human3_lib1.final_cell_0325","TGAATACCCAG-GTATGAGT","alpha"
"human3_lib1.final_cell_0326","AACTTAGC-GAATACGC","acinar"
"human3_lib1.final_cell_0327","GAGCGTTGCT-ATGGATTA","beta"
"human3_lib1.final_cell_0328","ACTACTTGT-TAGCCTCG","alpha"
"human3_lib1.final_cell_0329","AACTGAGTT-GGCTACTA","beta"
"human3_lib1.final_cell_0330","AGTCAATAC-ATTGGGCC","acinar"
"human3_lib1.final_cell_0331","AACGCAGAG-CGTGGATA","acinar"
"human3_lib1.final_cell_0332","CAGTTTGC-GAGCGGTA","alpha"
"human3_lib1.final_cell_0333","GAGAGAGTAT-GAAGCACT","beta"
"human3_lib1.final_cell_0334","GACGCTAGTC-AAACTGGT","alpha"
"human3_lib1.final_cell_0335","AATCCCACG-GACAACTT","alpha"
"human3_lib1.final_cell_0336","AAGTGAAAG-GATTGCGA","alpha"
"human3_lib1.final_cell_0337","GAAGGCAGTT-GGGAACCT","alpha"
"human3_lib1.final_cell_0338","GCAGTCGA-ATATCTTC","ductal"
"human3_lib1.final_cell_0339","GACTTACTCC-ATGAAGCA","delta"
"human3_lib1.final_cell_0340","TTTGTGTC-ACTGAGTT","alpha"
"human3_lib1.final_cell_0341","AGTATGAGT-TGCGACAG","ductal"
"human3_lib1.final_cell_0342","AGAAGTGCC-ACGTATAC","ductal"
"human3_lib1.final_cell_0343","AAAAGCCTA-CTTCTTCG","beta"
"human3_lib1.final_cell_0344","AATCCCACG-GTTTACGT","beta"
"human3_lib1.final_cell_0345","GAGCGTTGCT-CACAACAG","delta"
"human3_lib1.final_cell_0346","TTGCATAT-GATGTATT","activated_stellate"
"human3_lib1.final_cell_0347","GGATAAAG-GTTCAACT","beta"
"human3_lib1.final_cell_0348","AAAATCGTT-CAGTTTGC","beta"
"human3_lib1.final_cell_0349","TGATTGTCGCC-GTCTCTCT","acinar"
"human3_lib1.final_cell_0350","ATAGTGGAC-TTTACCCT","alpha"
"human3_lib1.final_cell_0351","TGAAGAAGTTA-ATGAAGCA","alpha"
"human3_lib1.final_cell_0352","ATATGCAT-AAAGTCGG","alpha"
"human3_lib1.final_cell_0353","ATCTAGCAG-ATTCCTTG","acinar"
"human3_lib1.final_cell_0354","GATCGGTTTA-CGAATAAT","alpha"
"human3_lib1.final_cell_0355","AGGTGACAC-ATCTTTGT","beta"
"human3_lib1.final_cell_0356","TGAGCCGGATT-TCGACACC","alpha"
"human3_lib1.final_cell_0357","ATGGCCTGT-GTTAACCA","beta"
"human3_lib1.final_cell_0358","AACCTGAC-GAGGCTGA","alpha"
"human3_lib1.final_cell_0359","TCCTTATT-CACAAGGC","delta"
"human3_lib1.final_cell_0360","TGACTTCTGGA-AGAACGGG","acinar"
"human3_lib1.final_cell_0361","AGAACGATT-GCTTTCCA","activated_stellate"
"human3_lib1.final_cell_0362","TGACAAGTCAT-AGATGGCT","acinar"
"human3_lib1.final_cell_0363","TAGCCTCG-ATATAGGA","alpha"
"human3_lib1.final_cell_0364","TGACTCGCGTA-GGCCCTTA","beta"
"human3_lib1.final_cell_0365","AGTTTACGT-ACGGTAGC","activated_stellate"
"human3_lib1.final_cell_0366","ACTTAGGTA-TGTCTTTC","alpha"
"human3_lib1.final_cell_0367","GAATGGAAAT-ACTAGGAT","alpha"
"human3_lib1.final_cell_0368","GAATCAAGTG-GACAGATA","alpha"
"human3_lib1.final_cell_0369","TGAAACAATCC-TCACCGAG","alpha"
"human3_lib1.final_cell_0370","GTTACGAT-CGTATTTC","alpha"
"human3_lib1.final_cell_0371","GAATCAAGTG-TAAGACGG","acinar"
"human3_lib1.final_cell_0372","GACGTCAGCA-GGTCACAG","alpha"
"human3_lib1.final_cell_0373","TGAATTCGACG-GAAGCACT","acinar"
"human3_lib1.final_cell_0374","TACAGCCG-GCAGCATG","alpha"
"human3_lib1.final_cell_0375","TCCAGGGA-GGATAAAG","alpha"
"human3_lib1.final_cell_0376","TGATCCCGTAG-AAACCTCC","ductal"
"human3_lib1.final_cell_0377","GAGAATACGC-GACAACTT","beta"
"human3_lib1.final_cell_0378","GATGTGAG-AGCGCGAT","alpha"
"human3_lib1.final_cell_0379","TGCTATTT-ATGACCGA","delta"
"human3_lib1.final_cell_0380","GAGAATACGC-CATCTCCC","beta"
"human3_lib1.final_cell_0381","GAATGGGCAC-CGTCAGCA","activated_stellate"
"human3_lib1.final_cell_0382","CTTTAATC-TGTTTGAG","ductal"
"human3_lib1.final_cell_0383","TCCTTATT-GAAAGACC","beta"
"human3_lib1.final_cell_0384","ATCTAGCAG-CGCTCTCA","alpha"
"human3_lib1.final_cell_0385","GATTGGCGTT-CTCGATGC","acinar"
"human3_lib1.final_cell_0386","TGAAGCGCGAT-GTCATATT","alpha"
"human3_lib1.final_cell_0387","GATGTACACG-CTTACGGG","alpha"
"human3_lib1.final_cell_0388","AATTCCCA-AAACAGGG","alpha"
"human3_lib1.final_cell_0389","AAGCGAAGT-GGAATAGA","acinar"
"human3_lib1.final_cell_0390","TAGCTTAT-GGACTTCC","alpha"
"human3_lib1.final_cell_0391","ATGCTCCGT-TTGATTCT","acinar"
"human3_lib1.final_cell_0392","GATTAGAC-GGACTTCC","activated_stellate"
"human3_lib1.final_cell_0393","GACCACATTA-ACGTATAC","alpha"
"human3_lib1.final_cell_0394","GAGAGCCCAT-TTTATCAC","beta"
"human3_lib1.final_cell_0395","AACTTAGC-CTAGATTG","beta"
"human3_lib1.final_cell_0396","GCAGTCGA-TCTCACTT","beta"
"human3_lib1.final_cell_0397","GAGAAAGACC-ACTAGGAT","activated_stellate"
"human3_lib1.final_cell_0398","AGAGGTGG-GGAGAAGC","acinar"
"human3_lib1.final_cell_0399","CTTTCTTT-AACCCTTG","alpha"
"human3_lib1.final_cell_0400","ATTAGGACC-ACAGCGGA","ductal"
"human3_lib1.final_cell_0401","GAGATTGCGA-TACCAGGC","alpha"
"human3_lib1.final_cell_0402","GACCCGAATG-CCCGAATG","beta"
"human3_lib1.final_cell_0403","TAGTCTAG-GAAGGCTT","beta"
"human3_lib1.final_cell_0404","CGTATTTC-CTTAGGTA","beta"
"human3_lib1.final_cell_0405","TGACGTAGAAG-TCGGTTTA","alpha"
"human3_lib1.final_cell_0406","TGACAGACCAT-GTTAACCA","delta"
"human3_lib1.final_cell_0407","GATAAGACGG-CCACATTA","alpha"
"human3_lib1.final_cell_0408","GGCCCTTA-GAGTTTCG","beta"
"human3_lib1.final_cell_0409","TGACAGACCAT-GTCAATAC","beta"
"human3_lib1.final_cell_0410","TGCGTATC-AGAGACTA","alpha"
"human3_lib1.final_cell_0411","TAGTCTAG-AGAAGTCC","beta"
"human3_lib1.final_cell_0412","TGAGCCGGATT-CCTGACAC","beta"
"human3_lib1.final_cell_0413","ACTACTTGT-GGCGTTAG","alpha"
"human3_lib1.final_cell_0414","AGTCAAAGA-CTCGATGC","beta"
"human3_lib1.final_cell_0415","TGAATGACCGA-CTTACGGG","alpha"
"human3_lib1.final_cell_0416","GACAAGAGGG-AGCGTAGG","alpha"
"human3_lib1.final_cell_0417","CGCTAATA-CAATTAGT","alpha"
"human3_lib1.final_cell_0418","GAGAAAGACC-GCAGGGTA","alpha"
"human3_lib1.final_cell_0419","GATGACCCTC-ATTCAGTA","acinar"
"human3_lib1.final_cell_0420","ATGCTCCGT-CCCGAATG","alpha"
"human3_lib1.final_cell_0421","GATGACCCTC-CTGGTGCA","beta"
"human3_lib1.final_cell_0422","AACTTAGC-AGTGAAAG","acinar"
"human3_lib1.final_cell_0423","TGAGTGGAGCT-GACAGATA","beta"
"human3_lib1.final_cell_0424","TGATTTACCCT-AATCGGGT","beta"
"human3_lib1.final_cell_0425","TGCCTCAC-GTTTACGT","alpha"
"human3_lib1.final_cell_0426","GACCTGACAC-CTAGTAAC","delta"
"human3_lib1.final_cell_0427","TGAAGCGTAGG-CGCCTTGA","alpha"
"human3_lib1.final_cell_0428","GAAGTTTAGA-AGAGGTGG","alpha"
"human3_lib1.final_cell_0429","AAGCGCCTT-CCTATTCA","alpha"
"human3_lib1.final_cell_0430","GAAGGAAGAC-CCATTTGA","delta"
"human3_lib1.final_cell_0431","TGAAACACACG-GTTCTGTT","beta"
"human3_lib1.final_cell_0432","AAGCTACGG-GGCCTAAG","ductal"
"human3_lib1.final_cell_0433","TGAACATCTAT-ATGAAGCA","ductal"
"human3_lib1.final_cell_0434","TGACTGGTGCA-AGAAGTCC","beta"
"human3_lib1.final_cell_0435","GACTGTCTGG-GGTGACAC","ductal"
"human3_lib1.final_cell_0436","GAATGGAAAT-TGTAAAGG","endothelial"
"human3_lib1.final_cell_0437","TAGCCTCG-TAGTCTAG","ductal"
"human3_lib1.final_cell_0438","GAGGGAGGTA-CAAGTCAT","alpha"
"human3_lib1.final_cell_0439","GAAAGATTGT-TCGGTTTA","acinar"
"human3_lib1.final_cell_0440","GATGTGAG-CACAACAG","acinar"
"human3_lib1.final_cell_0441","GATGAGGTCT-CGAACGTA","alpha"
"human3_lib1.final_cell_0442","TGAATACCCAG-CCTATTCA","alpha"
"human3_lib1.final_cell_0443","GATACCAGGC-CAAGTCAT","beta"
"human3_lib1.final_cell_0444","AACTTAGC-GTCAAAGA","alpha"
"human3_lib1.final_cell_0445","GATCGTTT-AAGATTGT","alpha"
"human3_lib1.final_cell_0446","TGATGATAACA-GGCTACTA","beta"
"human3_lib1.final_cell_0447","CCAACCGT-AACCCTTG","acinar"
"human3_lib1.final_cell_0448","ATTGTGACT-AGCTACGG","alpha"
"human3_lib1.final_cell_0449","GAAGTTTAGA-GAATACGC","beta"
"human3_lib1.final_cell_0450","TCCAGGGA-AACTTAGC","alpha"
"human3_lib1.final_cell_0451","GACTCTTGAC-ATTCCTTG","alpha"
"human3_lib1.final_cell_0452","ATCTTTGT-TTAAACTG","alpha"
"human3_lib1.final_cell_0453","AAAACGCCT-GCTTACCT","activated_stellate"
"human3_lib1.final_cell_0454","ATCTGCATC-GGCTACTA","alpha"
"human3_lib1.final_cell_0455","GGAGAAGC-ATCAAGTG","alpha"
"human3_lib1.final_cell_0456","GATGACGGAC-CTTCTTCG","gamma"
"human3_lib1.final_cell_0457","GATGTAAAGG-GATTAGAC","beta"
"human3_lib1.final_cell_0458","ACACTCCTC-GCAAGGAC","ductal"
"human3_lib1.final_cell_0459","TTATCTGT-AAGGTAAT","beta"
"human3_lib1.final_cell_0460","AAGCTATGA-TGAGGTCT","beta"
"human3_lib1.final_cell_0461","TGAAAACTGGT-CCATTTGA","alpha"
"human3_lib1.final_cell_0462","GAGAATACGC-CGGGTAGT","ductal"
"human3_lib1.final_cell_0463","GACATTTGTT-ACCTTGCC","beta"
"human3_lib1.final_cell_0464","AGGTGACAC-TTCCGAGT","alpha"
"human3_lib1.final_cell_0465","ACGCTCTCA-AATGTTTG","alpha"
"human3_lib1.final_cell_0466","CGTATTTC-GTCCGTAC","alpha"
"human3_lib1.final_cell_0467","TGACAGACCAT-GCAGTCGA","alpha"
"human3_lib1.final_cell_0468","GAATTGGGCC-GATGTATT","alpha"
"human3_lib1.final_cell_0469","TGAAGAAGTTA-CGCTCTCA","ductal"
"human3_lib1.final_cell_0470","GATCGGTTTA-CAGTTTGC","activated_stellate"
"human3_lib1.final_cell_0471","AGTTTACGT-TGCAAGGG","alpha"
"human3_lib1.final_cell_0472","TGACTGGTGCA-CGTATCGG","alpha"
"human3_lib1.final_cell_0473","GATCTCAACC-TGCGACAG","delta"
"human3_lib1.final_cell_0474","TGAGGTCTGAC-TTATAGCC","beta"
"human3_lib1.final_cell_0475","AGAGACTA-TGTCTTTC","alpha"
"human3_lib1.final_cell_0476","GATGACCCTC-CTACGAGC","acinar"
"human3_lib1.final_cell_0477","ACGTGCTAG-CTTCTGGA","alpha"
"human3_lib1.final_cell_0478","AGGCCTAAG-AGTGATGC","alpha"
"human3_lib1.final_cell_0479","TGACGTAGAAG-TTAGGACC","beta"
"human3_lib1.final_cell_0480","TGACTACGAGC-AGTGATGC","ductal"
"human3_lib1.final_cell_0481","GAAAGCGTAC-GGGAAATC","alpha"
"human3_lib1.final_cell_0482","TGAATGACCGA-TTAGTCCG","delta"
"human3_lib1.final_cell_0483","TGACTTCTGGA-GTTAACCA","acinar"
"human3_lib1.final_cell_0484","GATGACCCTC-GCGCATTC","acinar"
"human3_lib1.final_cell_0485","GACTTACTCC-GTCCATGT","beta"
"human3_lib1.final_cell_0486","TAAATAGG-TGGGATTC","alpha"
"human3_lib1.final_cell_0487","GAGTTGTCAT-AGACACCA","alpha"
"human3_lib1.final_cell_0488","TGAGAGTTCAC-CCTGTTAT","ductal"
"human3_lib1.final_cell_0489","TGACTCGATGC-GGACTTCC","macrophage"
"human3_lib1.final_cell_0490","GAGCGGTA-TGTAGTTT","alpha"
"human3_lib1.final_cell_0491","GATCTCAACC-GGTCACAG","delta"
"human3_lib1.final_cell_0492","CGGCACAT-AACCCTTG","beta"
"human3_lib1.final_cell_0493","AGGTCACAG-AAACTGGT","alpha"
"human3_lib1.final_cell_0494","AACTTAGC-CTAGTAAC","beta"
"human3_lib1.final_cell_0495","TGCGACAG-AGAAGTCC","ductal"
"human3_lib1.final_cell_0496","AGCCAAGAT-GTACACTC","ductal"
"human3_lib1.final_cell_0497","ACGGACAAC-TGGCCTGT","alpha"
"human3_lib1.final_cell_0498","TGAAGGAGCTT-AAGCTTCT","alpha"
"human3_lib1.final_cell_0499","AGCAGAAC-AGCAGAAC","activated_stellate"
"human3_lib1.final_cell_0500","GATTTAACAG-GGTCTGAC","ductal"
"human3_lib1.final_cell_0501","CGTATTTC-TAAATAGG","endothelial"
"human3_lib1.final_cell_0502","GATGTGAG-CCTGACAC","gamma"
"human3_lib1.final_cell_0503","TAACTACT-CAAGAGGG","alpha"
"human3_lib1.final_cell_0504","ACAACGTGG-CTGTTCTT","beta"
"human3_lib1.final_cell_0505","AATGGATTA-ACCTTGCC","acinar"
"human3_lib1.final_cell_0506","GAGGCGTTAG-ATCCCACG","alpha"
"human3_lib1.final_cell_0507","TGACTTGGTGT-TAACCCGT","alpha"
"human3_lib1.final_cell_0508","GAATGGGCAC-GGATAAAG","alpha"
"human3_lib1.final_cell_0509","GCTTACCT-GGCCTAAG","beta"
"human3_lib1.final_cell_0510","GAGGGAACCT-CTTAGGTA","alpha"
"human3_lib1.final_cell_0511","TGATTCACATA-TGCGTATC","alpha"
"human3_lib1.final_cell_0512","TGCGTATC-TTTGGGAG","gamma"
"human3_lib1.final_cell_0513","TGACTTCGCAC-TAAGACGG","beta"
"human3_lib1.final_cell_0514","GAAGTTTAGA-GGGAAGGT","alpha"
"human3_lib1.final_cell_0515","GATTGATCTA-CCTCGTCT","ductal"
"human3_lib1.final_cell_0516","AGCACCAC-CTGTCTGG","delta"
"human3_lib1.final_cell_0517","ACTACTTGT-AGCACCAC","ductal"
"human3_lib1.final_cell_0518","CGCTAATA-CCATTACT","alpha"
"human3_lib1.final_cell_0519","GAGATTGCGA-CGACTCCT","alpha"
"human3_lib1.final_cell_0520","AGGGTGTAT-TGTTCCAG","endothelial"
"human3_lib1.final_cell_0521","TGAATGACTTT-ATGAAGCA","alpha"
"human3_lib1.final_cell_0522","AAGCGCCTT-GCCACATC","alpha"
"human3_lib1.final_cell_0523","ATAGTCGCA-TCCTTATT","beta"
"human3_lib1.final_cell_0524","GACCCGAATG-ATTCAGTA","activated_stellate"
"human3_lib1.final_cell_0525","TACTTGTG-TTCGCTGG","alpha"
"human3_lib1.final_cell_0526","TCATATGG-CACAACAG","acinar"
"human3_lib1.final_cell_0527","GAACGCCATT-GGATAAAG","alpha"
"human3_lib1.final_cell_0528","ACCCTTGGT-GCCTCTTT","beta"
"human3_lib1.final_cell_0529","GTAACGTT-GCCACATC","ductal"
"human3_lib1.final_cell_0530","TGAGGCTACTA-CGGCACAT","acinar"
"human3_lib1.final_cell_0531","GACGAATAAT-CATCTCCC","beta"
"human3_lib1.final_cell_0532","AATGTTGGC-CGTATCGG","beta"
"human3_lib1.final_cell_0533","GATCGTTT-CTTCGATT","beta"
"human3_lib1.final_cell_0534","GATGAAATGA-TTGATCTA","alpha"
"human3_lib1.final_cell_0535","GGAAACAG-ATATCTTC","delta"
"human3_lib1.final_cell_0536","AATTCCCA-GCCACATC","acinar"
"human3_lib1.final_cell_0537","GATCTCACTT-AAATGTCG","alpha"
"human3_lib1.final_cell_0538","GGGTTGGT-GGCGTTAG","beta"
"human3_lib1.final_cell_0539","TGACATACATT-CTACGAGC","alpha"
"human3_lib1.final_cell_0540","TGAGGCGGTTT-CAACAAAT","ductal"
"human3_lib1.final_cell_0541","CGGCACAT-CCCATAGC","alpha"
"human3_lib1.final_cell_0542","ACTGCGTTG-CCACATTA","alpha"
"human3_lib1.final_cell_0543","TGAAGCGCGAT-TGCGTATC","beta"
"human3_lib1.final_cell_0544","TGATTGTTTAC-TAGAAATG","alpha"
"human3_lib1.final_cell_0545","GCAGCATG-AGAAGTCC","acinar"
"human3_lib1.final_cell_0546","GACATTTGTT-TCCCTGAT","acinar"
"human3_lib1.final_cell_0547","TGACTTCGCAC-TTGATCTA","beta"
"human3_lib1.final_cell_0548","ACGTATAC-TAGCTTAT","beta"
"human3_lib1.final_cell_0549","CCCAAGCA-GCTTACCT","alpha"
"human3_lib1.final_cell_0550","TGACATACATT-GTCCAAAG","ductal"
"human3_lib1.final_cell_0551","AACGGTAGC-ATATCTTC","ductal"
"human3_lib1.final_cell_0552","CTTTAATC-GTTGTCAT","alpha"
"human3_lib1.final_cell_0553","AAAACCTCC-CTCTTGAC","beta"
"human3_lib1.final_cell_0554","GTGTAACC-CTTCGCAC","ductal"
"human3_lib1.final_cell_0555","ACCCGACTT-AATGAATG","alpha"
"human3_lib1.final_cell_0556","GATTGGCGTT-ATGTTGGC","macrophage"
"human3_lib1.final_cell_0557","TGAAAATGTCG-GATTTACC","ductal"
"human3_lib1.final_cell_0558","ACCCACGA-CGGCACAT","acinar"
"human3_lib1.final_cell_0559","GAGGGAACCT-TAGTCGCA","beta"
"human3_lib1.final_cell_0560","TGCGTATC-GAAGTGCC","acinar"
"human3_lib1.final_cell_0561","TGAGCAGGGTA-CTAGATTG","beta"
"human3_lib1.final_cell_0562","GACCCTTCAG-AACACACG","ductal"
"human3_lib1.final_cell_0563","ATAGTGGAC-TGTGGCTA","gamma"
"human3_lib1.final_cell_0564","CGGCACAT-CATCTCCC","ductal"
"human3_lib1.final_cell_0565","GGAGAAGC-GGTGGGAT","alpha"
"human3_lib1.final_cell_0566","TAACTACT-CAACAAAT","alpha"
"human3_lib1.final_cell_0567","GACATCTCCC-AAACAGGG","ductal"
"human3_lib1.final_cell_0568","TGAATGAAGCA-CTGCGTTG","alpha"
"human3_lib1.final_cell_0569","GATAACCATC-ACTCACCG","alpha"
"human3_lib1.final_cell_0570","GATCTCACTT-TGTTCCAG","delta"
"human3_lib1.final_cell_0571","TTCGGCCT-ATGGAAAT","ductal"
"human3_lib1.final_cell_0572","TAGCCTCG-GATCGTTT","acinar"
"human3_lib1.final_cell_0573","GACACGGACT-TCCAGTCC","alpha"
"human3_lib1.final_cell_0574","TGAGGCGGTTT-GTTACCGC","alpha"
"human3_lib1.final_cell_0575","GATACCAGGC-GCTTTCCA","alpha"
"human3_lib1.final_cell_0576","TGACAGACCAT-AGCAGAAC","ductal"
"human3_lib1.final_cell_0577","GCAGTCGA-AATGAATG","ductal"
"human3_lib1.final_cell_0578","GATTTAACAG-CCCATCTG","ductal"
"human3_lib1.final_cell_0579","TTGCATAT-GAGGCTGA","ductal"
"human3_lib1.final_cell_0580","CCCAAGCA-CTACGAGC","acinar"
"human3_lib1.final_cell_0581","TGCGTATC-ATGACCGA","alpha"
"human3_lib1.final_cell_0582","GAAGTGATGC-GTTTACGT","alpha"
"human3_lib1.final_cell_0583","TGATCCCGTAG-TAGTCGCA","delta"
"human3_lib1.final_cell_0584","TTCCGCTC-CGTCAGCA","delta"
"human3_lib1.final_cell_0585","TGAGTAATCCC-CTTCTTCG","alpha"
"human3_lib1.final_cell_0586","TGACTCGATGC-GATCTCGG","alpha"
"human3_lib1.final_cell_0587","GATTGGCGTT-GGCCTAAG","ductal"
"human3_lib1.final_cell_0588","TGACAAGTCAT-AATGACCC","acinar"
"human3_lib1.final_cell_0589","AACTTAGC-CCCGAATG","alpha"
"human3_lib1.final_cell_0590","GATGGGATTC-CTCAGAAT","alpha"
"human3_lib1.final_cell_0591","ATCTTTGT-TGGCTACC","beta"
"human3_lib1.final_cell_0592","GACTAGACCC-TTTACCCT","alpha"
"human3_lib1.final_cell_0593","AGGTGACAC-TCCAGTCC","activated_stellate"
"human3_lib1.final_cell_0594","TGACGAGTCTG-GTTTGTTT","ductal"
"human3_lib1.final_cell_0595","AGGGTGTAT-TCGAAGCT","alpha"
"human3_lib1.final_cell_0596","GTTCAACT-AGGTTGTG","activated_stellate"
"human3_lib1.final_cell_0597","GATCGGTTTA-TCGGTTCG","alpha"
"human3_lib1.final_cell_0598","AGCAGAAC-GAAGTGCC","acinar"
"human3_lib1.final_cell_0599","GATCGGTTTA-TTCCAGAC","ductal"
"human3_lib1.final_cell_0600","AATGCGGAT-ATATGCAT","alpha"
"human3_lib1.final_cell_0601","GACGTCAGCA-TCTGTGGT","alpha"
"human3_lib1.final_cell_0602","TGAGCAGGGTA-TGCCTCAC","alpha"
"human3_lib1.final_cell_0603","TGAGCAGGGTA-AGCTATGA","acinar"
"human3_lib1.final_cell_0604","GAACCACGCT-GTTACCGC","activated_stellate"
"human3_lib1.final_cell_0605","TGAGAGTTCAC-AATCGGGT","endothelial"
"human3_lib1.final_cell_0606","TGAGCAGGGTA-AAGCGTAC","beta"
"human3_lib1.final_cell_0607","GATCTCAACC-TTTACCCT","alpha"
"human3_lib1.final_cell_0608","TGAGGTTTCTC-TGGCTACC","ductal"
"human3_lib1.final_cell_0609","TGAAACAATCC-CCTACTAG","alpha"
"human3_lib1.final_cell_0610","CGTATTTC-CCCATAGC","beta"
"human3_lib1.final_cell_0611","TGAGCAGGGTA-GTAACGTT","alpha"
"human3_lib1.final_cell_0612","GCAGTCGA-ATTCAGTA","alpha"
"human3_lib1.final_cell_0613","TGATAGAAATG-TAAATAGG","quiescent_stellate"
"human3_lib1.final_cell_0614","GTTCAACT-CTTTCTTT","ductal"
"human3_lib1.final_cell_0615","ACCCTTGGT-ACGCCATT","ductal"
"human3_lib1.final_cell_0616","AGAAGTGCC-TGAAATGA","alpha"
"human3_lib1.final_cell_0617","ACCCTAACC-CTTCTTCG","alpha"
"human3_lib1.final_cell_0618","GATGGGATTC-CTAGTAAC","acinar"
"human3_lib1.final_cell_0619","GTTACGAT-TCCAGTCC","acinar"
"human3_lib1.final_cell_0620","TGAAACCCTTG-GTACACTC","alpha"
"human3_lib1.final_cell_0621","GATGGTTTCT-ACACTAAG","beta"
"human3_lib1.final_cell_0622","GTTCAACT-TTAGTCCG","alpha"
"human3_lib1.final_cell_0623","TTATCTGT-TGCTCCGT","delta"
"human3_lib1.final_cell_0624","ACCTTGCC-GTCATATT","alpha"
"human3_lib1.final_cell_0625","GAGAGAGTAT-GTCCAAAG","acinar"
"human3_lib1.final_cell_0626","GACCACATTA-ACGGTAGC","beta"
"human3_lib1.final_cell_0627","AGCACCTCT-ATGACCGA","acinar"
"human3_lib1.final_cell_0628","ACTTAGGTA-ACCCACGA","acinar"
"human3_lib1.final_cell_0629","GGTGGGAT-AATTCCCA","alpha"
"human3_lib1.final_cell_0630","GAGAAAGACC-TCCCGTAG","ductal"
"human3_lib1.final_cell_0631","TGAAGGAGCTT-AAATCAGA","alpha"
"human3_lib1.final_cell_0632","GAACGCCATT-GCGTTGCT","alpha"
"human3_lib1.final_cell_0633","ATAGTGGAC-GAGTTTCG","endothelial"
"human3_lib1.final_cell_0634","ACCCGACTT-CCTATTCA","ductal"
"human3_lib1.final_cell_0635","ACCGCAACT-ACGGTAGC","ductal"
"human3_lib1.final_cell_0636","TGACACAAGGC-ATTCCTTG","ductal"
"human3_lib1.final_cell_0637","GATCTGTGGT-TCGTCATG","alpha"
"human3_lib1.final_cell_0638","ATCTAGCAG-TCACCGAG","alpha"
"human3_lib1.final_cell_0639","AAGATGGCT-GTGTCGGA","activated_stellate"
"human3_lib1.final_cell_0640","GACCTATTCA-CTTACTCC","beta"
"human3_lib1.final_cell_0641","GATAAGACGG-CTTCAGGT","alpha"
"human3_lib1.final_cell_0642","GAGGGAGGTA-GCCACATC","acinar"
"human3_lib1.final_cell_0643","TGAAACACACG-ATCTTTGT","gamma"
"human3_lib1.final_cell_0644","ATCAGCGC-TTCGTTCC","alpha"
"human3_lib1.final_cell_0645","CCCATCTG-GAAAGACC","alpha"
"human3_lib1.final_cell_0646","ACGTGCTAG-ACAGCGGA","ductal"
"human3_lib1.final_cell_0647","TGAAGAAGTTA-GAGAGTAT","mast"
"human3_lib1.final_cell_0648","TAAATAGG-CGTAGAAG","ductal"
"human3_lib1.final_cell_0649","TGGCTACC-CATCTCCC","alpha"
"human3_lib1.final_cell_0650","GTCTCTCT-TCGTCATG","acinar"
"human3_lib1.final_cell_0651","AACCCATAT-GTCTCTCT","alpha"
"human3_lib1.final_cell_0652","ACCATTTGA-GTTAACCA","quiescent_stellate"
"human3_lib1.final_cell_0653","CCGCTGTT-TGTTTGAG","activated_stellate"
"human3_lib1.final_cell_0654","CCAACCGT-AGAACGGG","beta"
"human3_lib1.final_cell_0655","ATTAGGACC-CCCATCTG","acinar"
"human3_lib1.final_cell_0656","AGATGTATT-CAACGTGG","alpha"
"human3_lib1.final_cell_0657","ATCTTTGT-CAGACCAT","alpha"
"human3_lib1.final_cell_0658","GTCTCTCT-CCCTAACC","alpha"
"human3_lib1.final_cell_0659","GAACTGCCGT-GTTACCGC","ductal"
"human3_lib1.final_cell_0660","AGCACCAC-CGGGTAGT","acinar"
"human3_lib1.final_cell_0661","ACCGTGTTT-CTAGTAAC","acinar"
"human3_lib1.final_cell_0662","GATAGTGTTT-AAGCTTCT","endothelial"
"human3_lib1.final_cell_0663","TGAAGCGTAGG-ATCAGCGC","ductal"
"human3_lib1.final_cell_0664","GAAGTTTAGA-GATTTACC","alpha"
"human3_lib1.final_cell_0665","GATCCCAATC-CTCGCGTA","delta"
"human3_lib1.final_cell_0666","GAAAGCGTAC-GCACCTCT","alpha"
"human3_lib1.final_cell_0667","TGAGGCTACTA-GACAACTT","ductal"
"human3_lib1.final_cell_0668","GAGGGAGGTA-GAAGTGCC","alpha"
"human3_lib1.final_cell_0669","AGGGAAGGT-CTCGCGTA","activated_stellate"
"human3_lib1.final_cell_0670","GTTCAACT-GGGAAGGT","ductal"
"human3_lib1.final_cell_0671","TGATTTACCCT-AAATCGTT","beta"
"human3_lib1.final_cell_0672","AGCAACCTG-CTTACGGG","ductal"
"human3_lib1.final_cell_0673","GACACGGACT-AGCGTAGG","beta"
"human3_lib1.final_cell_0674","GGAAACAG-TCACCGAG","alpha"
"human3_lib1.final_cell_0675","GATAGTGTTT-TAACCATC","alpha"
"human3_lib1.final_cell_0676","GACCTGACAC-CTACCGTT","ductal"
"human3_lib1.final_cell_0677","GAACAGCGGA-GGGAAATC","alpha"
"human3_lib1.final_cell_0678","GAGGCGTTAG-GCAACCTG","alpha"
"human3_lib1.final_cell_0679","ACGTGCTAG-AAAGTCGG","alpha"
"human3_lib1.final_cell_0680","TGAATATAGGA-AACCCTTG","alpha"
"human3_lib1.final_cell_0681","CTTTCTTT-GCACCTCT","alpha"
"human3_lib1.final_cell_0682","GAACAGCGGA-ACTGAGTT","activated_stellate"
"human3_lib1.final_cell_0683","TGAGTAATCCC-CTTTCTTT","acinar"
"human3_lib1.final_cell_0684","AACTCACCG-GTCCATGT","beta"
"human3_lib1.final_cell_0685","TAGCCTCG-GCAACCTG","alpha"
"human3_lib1.final_cell_0686","TTGGACTT-TGTGCTCA","quiescent_stellate"
"human3_lib1.final_cell_0687","TGATTGCACGC-GGGTGTAT","alpha"
"human3_lib1.final_cell_0688","TGAGCAGGGTA-CACAAGGC","alpha"
"human3_lib1.final_cell_0689","AGCCTCTTT-GTCAAAGA","alpha"
"human3_lib1.final_cell_0690","ATGCTCCGT-TGGAGGAG","alpha"
"human3_lib1.final_cell_0691","GACGGGCTTT-GAAAGACC","activated_stellate"
"human3_lib1.final_cell_0692","ATCGGTTCG-ATGAAGCA","alpha"
"human3_lib1.final_cell_0693","GAGGCGTTAG-TGATGCCC","alpha"
"human3_lib1.final_cell_0694","TGACCAGCAGT-AGACACCA","alpha"
"human3_lib1.final_cell_0695","TACCGGCA-TACCAGGC","alpha"
"human3_lib1.final_cell_0696","AGGGCCAAT-TCACCGAG","beta"
"human3_lib1.final_cell_0697","GATTGATCTA-GAAGGCTT","endothelial"
"human3_lib1.final_cell_0698","GATACAAACT-GTCTCTCT","acinar"
"human3_lib1.final_cell_0699","TGATTGCACGC-ATGGAAAT","alpha"
"human3_lib1.final_cell_0700","GACATTTGTT-CACTTTCT","quiescent_stellate"
"human3_lib1.final_cell_0701","TGACAATACTT-CACTTTCT","alpha"
"human3_lib1.final_cell_0702","GAACGCCATT-ATACTCTT","ductal"
"human3_lib1.final_cell_0703","GTCTCTCT-CTCTTGAC","alpha"
"human3_lib1.final_cell_0704","TGACACAAGGC-AGACACCA","quiescent_stellate"
"human3_lib1.final_cell_0705","GTACCTTG-CTTACTCC","alpha"
"human3_lib1.final_cell_0706","TGACGGGTAGT-TTGAGGGT","ductal"
"human3_lib1.final_cell_0707","AGATGTATT-ACTAGGAT","beta"
"human3_lib1.final_cell_0708","TAGTCTAG-AGGATTCA","alpha"
"human3_lib1.final_cell_0709","TGAGCCGGATT-CCCTAACC","ductal"
"human3_lib1.final_cell_0710","AATGTTGGC-TAACCCGT","activated_stellate"
"human3_lib1.final_cell_0711","ACCCTTGGT-GCTTTCCA","ductal"
"human3_lib1.final_cell_0712","GACCCATAGC-TTCACATA","alpha"
"human3_lib1.final_cell_0713","GACTCTTGAC-GGAAACAG","beta"
"human3_lib1.final_cell_0714","ACGGACAAC-TCATATGG","beta"
"human3_lib1.final_cell_0715","GATGACCCTC-CCTGTTAT","alpha"
"human3_lib1.final_cell_0716","TGACATACATT-CGTCAGCA","alpha"
"human3_lib1.final_cell_0717","AATACTCTT-CTTTCTTT","alpha"
"human3_lib1.final_cell_0718","GACCCATAGC-TGGGATTC","delta"
"human3_lib1.final_cell_0719","GACGAATAAT-AGCAGAAC","ductal"
"human3_lib1.final_cell_0720","GAGATCTCGG-CTTTAATC","endothelial"
"human3_lib1.final_cell_0721","AAAGTAATC-GTGTCGGA","beta"
"human3_lib1.final_cell_0722","TGACTCGATGC-AAGTAATC","alpha"
"human3_lib1.final_cell_0723","TGAAACACACG-CGCTCTCA","alpha"
"human3_lib1.final_cell_0724","TGATAACCCGT-ACACTAAG","ductal"
"human3_lib1.final_cell_0725","ACTGAGTGC-GTCCAAAG","endothelial"
"human3_lib1.final_cell_0726","GAACACTAAG-TCGGTTTA","alpha"
"human3_lib1.final_cell_0727","TGAAAACTGGT-GCTTTGGC","alpha"
"human3_lib1.final_cell_0728","GATAGTGTTT-ATTCGACG","beta"
"human3_lib1.final_cell_0729","ACGGAATTT-CACTCCTC","alpha"
"human3_lib1.final_cell_0730","GACAATTAGT-CTTACGGG","ductal"
"human3_lib1.final_cell_0731","GATACAAACT-TTAGGACC","alpha"
"human3_lib1.final_cell_0732","AATGTTTG-CGATTGAT","acinar"
"human3_lib1.final_cell_0733","GATGTAGTTT-TACAAACT","gamma"
"human3_lib1.final_cell_0734","CTATAGAG-TTGCATAT","endothelial"
"human3_lib1.final_cell_0735","TGATTGTCGCC-ATCAAGTG","alpha"
"human3_lib1.final_cell_0736","TGATGTGGCTA-GGACTTCC","ductal"
"human3_lib1.final_cell_0737","TGAAGGTTGTG-GCGTTGCT","alpha"
"human3_lib1.final_cell_0738","TGATTCACATA-ATTCGACG","beta"
"human3_lib1.final_cell_0739","TGACGTATCGG-CATCGCAG","endothelial"
"human3_lib1.final_cell_0740","AATGCGGAT-GTTAACCA","endothelial"
"human3_lib1.final_cell_0741","AACGAAACG-CTCGATGC","beta"
"human3_lib1.final_cell_0742","GATGGTTTCT-CTTCAGGT","alpha"
"human3_lib1.final_cell_0743","GCTCTAGT-AAGATTGT","ductal"
"human3_lib1.final_cell_0744","GAGCGGTA-GCAAGGAC","alpha"
"human3_lib1.final_cell_0745","TGACCAGCAGT-CTGGTGCA","alpha"
"human3_lib1.final_cell_0746","AACCCATAT-TGATGCCC","alpha"
"human3_lib1.final_cell_0747","GACTGTCTGG-ATCAAGTG","activated_stellate"
"human3_lib1.final_cell_0748","GATGGTTTCT-CCCTAACC","alpha"
"human3_lib1.final_cell_0749","GTTCAACT-ACCCATAT","quiescent_stellate"
"human3_lib1.final_cell_0750","GATCGTTT-GTTAACCA","beta"
"human3_lib1.final_cell_0751","GATTTAACAG-CGCTCTCA","delta"
"human3_lib1.final_cell_0752","GAATCAAGTG-TCTAGCAG","beta"
"human3_lib1.final_cell_0753","AATGCGGAT-GGTTAGTG","activated_stellate"
"human3_lib1.final_cell_0754","TGATCGACACC-ACGGTAGC","endothelial"
"human3_lib1.final_cell_0755","TGATTGCACGC-CTACGAGC","delta"
"human3_lib1.final_cell_0756","GATCTCAACC-GCGCATTC","ductal"
"human3_lib1.final_cell_0757","GAACGCCATT-ATCCCACG","beta"
"human3_lib1.final_cell_0758","TGAGAGGCTGA-GGCATGCT","beta"
"human3_lib1.final_cell_0759","ACCCTAACC-ATACTCTT","alpha"
"human3_lib1.final_cell_0760","AGGCCTAAG-TTAGTCCG","endothelial"
"human3_lib1.final_cell_0761","AATGTTGGC-AACCCTTG","activated_stellate"
"human3_lib1.final_cell_0762","GACGTCAGCA-AACAATCC","alpha"
"human3_lib1.final_cell_0763","GAACACTAAG-CGAGATGT","alpha"
"human3_lib1.final_cell_0764","TCATCCTT-AGGAGCTT","beta"
"human3_lib1.final_cell_0765","GATCCCAATC-GGGTGTAT","ductal"
"human3_lib1.final_cell_0766","TGACTGTTCTT-AGCACCAC","beta"
"human3_lib1.final_cell_0767","GACGAGATGT-GCCTCTTT","quiescent_stellate"
"human3_lib1.final_cell_0768","GAATGGGCAC-GTAATCCC","gamma"
"human3_lib1.final_cell_0769","GATGAAATGA-AGAAGTTA","alpha"
"human3_lib1.final_cell_0770","GATGAAATGA-GGGAACGA","beta"
"human3_lib1.final_cell_0771","CGACGTCA-GAGTTTCG","acinar"
"human3_lib1.final_cell_0772","GAATCAAGTG-CCCTTGGT","ductal"
"human3_lib1.final_cell_0773","AGTGGATGG-TGCAAGGG","alpha"
"human3_lib1.final_cell_0774","AAGCGAAGT-AAGGTAAT","endothelial"
"human3_lib1.final_cell_0775","ACTTAGGTA-GGCCCTTA","beta"
"human3_lib1.final_cell_0776","GAGGTCCCTT-CCACATTA","alpha"
"human3_lib1.final_cell_0777","CCGCTGTT-GCATGGGT","acinar"
"human3_lib1.final_cell_0778","AGCAGAAC-TTGCACGC","acinar"
"human3_lib1.final_cell_0779","GACCTGACAC-TTGCACGC","alpha"
"human3_lib1.final_cell_0780","GACATCTCCC-TGGTATGA","alpha"
"human3_lib1.final_cell_0781","TGATGCCC-CTTCTGGA","beta"
"human3_lib1.final_cell_0782","AGGGAAGGT-ACTAGCCA","beta"
"human3_lib1.final_cell_0783","GCATGGGT-TGCCATCG","alpha"
"human3_lib1.final_cell_0784","CGTATTTC-TCGTCATG","quiescent_stellate"
"human3_lib1.final_cell_0785","ATCTTTGT-GGCCCTTA","alpha"
"human3_lib1.final_cell_0786","CTATAGAG-TGCCTCAC","endothelial"
"human3_lib1.final_cell_0787","TGCGTATC-AATCGGGT","quiescent_stellate"
"human3_lib1.final_cell_0788","AATATCTTC-CCATTACT","beta"
"human3_lib1.final_cell_0789","TAAATAGG-GTACACTC","beta"
"human3_lib1.final_cell_0790","AATGGATTA-TCTCACTT","acinar"
"human3_lib1.final_cell_0791","TTCGGCCT-CTGTCTGG","beta"
"human3_lib1.final_cell_0792","TGACACTTTCT-AGATGGCT","alpha"
"human3_lib1.final_cell_0793","TGATCACCGAG-TGTTCCAG","ductal"
"human3_lib1.final_cell_0794","GATACAAACT-CCCATCTG","acinar"
"human3_lib1.final_cell_0795","GAGCGGTA-TACTTGTG","beta"
"human3_lib1.final_cell_0796","ATCTGCATC-ATCAGCGC","alpha"
"human3_lib1.final_cell_0797","ATATGCAT-AGTTTAGA","alpha"
"human3_lib1.final_cell_0798","ACCGTGTTT-TCACCGAG","endothelial"
"human3_lib1.final_cell_0799","GATGTGAG-CTGTTCTT","alpha"
"human3_lib1.final_cell_0800","TGATAGAAATG-AAACCTCC","alpha"
"human3_lib1.final_cell_0801","AGGGAAGGT-GTAATCCC","beta"
"human3_lib1.final_cell_0802","GAAAGCGTAC-CAGGTGTC","quiescent_stellate"
"human3_lib1.final_cell_0803","TGAATACCCAG-AGGATTCA","beta"
"human3_lib1.final_cell_0804","GAGACGATGG-TTCACATA","beta"
"human3_lib1.final_cell_0805","GATGACCCTC-TTAAGCGT","beta"
"human3_lib1.final_cell_0806","GAAGTGATGC-AAACTGGT","alpha"
"human3_lib1.final_cell_0807","GATCTCACTT-TCCCGTAG","alpha"
"human3_lib1.final_cell_0808","GATGTTCCAG-GTCAAAGA","alpha"
"human3_lib1.final_cell_0809","GACATCTCCC-GCTCTAGT","alpha"
"human3_lib1.final_cell_0810","GCATGGGT-GTTTGTTT","acinar"
"human3_lib1.final_cell_0811","GACCCATAGC-AAGATTGT","beta"
"human3_lib1.final_cell_0812","GACCCTTCAG-TGTGTCCT","acinar"
"human3_lib1.final_cell_0813","TGACAATACTT-CCTATTCA","alpha"
"human3_lib1.final_cell_0814","TGAGCCACATC-CACAACAG","ductal"
"human3_lib1.final_cell_0815","GAAGTGATGC-TATTGCCT","delta"
"human3_lib1.final_cell_0816","ACCCTTGGT-TCTAGCAG","delta"
"human3_lib1.final_cell_0817","AGAAGTCC-CTGAGTGC","beta"
"human3_lib1.final_cell_0818","TGAGGTTTCTC-CAAGTCAT","alpha"
"human3_lib1.final_cell_0819","GACCTACTAG-CTTTAATC","alpha"
"human3_lib1.final_cell_0820","AGAAGTGCC-GTCAATAC","activated_stellate"
"human3_lib1.final_cell_0821","GACCCGAATG-AGCGTAGG","beta"
"human3_lib1.final_cell_0822","TGAGAAGCACT-TTCCAGAC","beta"
"human3_lib1.final_cell_0823","TTATCTGT-GGGAGGTA","endothelial"
"human3_lib1.final_cell_0824","GATCGGTTTA-AGTTTAGA","endothelial"
"human3_lib1.final_cell_0825","TGATTGTCGCC-CAAGAGGG","beta"
"human3_lib1.final_cell_0826","GAGGACTTCC-GCCTCTTT","alpha"
"human3_lib1.final_cell_0827","TGAGGCTACTA-TCTCAACC","ductal"
"human3_lib1.final_cell_0828","TGAAAACTGGT-CGAGTCTG","alpha"
"human3_lib1.final_cell_0829","TGATCCAGTCC-CTGGTGCA","alpha"
"human3_lib1.final_cell_0830","TGACTACCGTT-ATGGATTA","alpha"
"human3_lib1.final_cell_0831","AAGCGCCTT-GTGGAGCT","endothelial"
"human3_lib1.final_cell_0832","ACACTCCTC-TAACTACT","alpha"
"human3_lib1.final_cell_0833","TGAGGCGGTTT-TAAGACGG","alpha"
"human3_lib1.final_cell_0834","AGGGTGTAT-CCATTTGA","beta"
"human3_lib1.final_cell_0835","ACCGTGTTT-AGCTACGG","ductal"
"human3_lib1.final_cell_0836","ACAGATTAC-TACAGCCG","beta"
"human3_lib1.final_cell_0837","GAGTTGTCAT-GTTACCGC","beta"
"human3_lib1.final_cell_0838","AGGCCTAAG-TGATGCCC","alpha"
"human3_lib1.final_cell_0839","TGACAAGTCAT-CATACATT","alpha"
"human3_lib1.final_cell_0840","ACGTGCTAG-GAGTTTCG","beta"
"human3_lib1.final_cell_0841","TGCGTATC-CCTGACAC","ductal"
"human3_lib1.final_cell_0842","GAGGGAACCT-ACTTCAAT","quiescent_stellate"
"human3_lib1.final_cell_0843","GCTTACCT-CGGCACAT","alpha"
"human3_lib1.final_cell_0844","ATCTAGCAG-AGGCAACG","ductal"
"human3_lib1.final_cell_0845","GAACTGCCGT-AGAGACTA","beta"
"human3_lib1.final_cell_0846","GACGCCTTGA-GGGAACCT","beta"
"human3_lib1.final_cell_0847","CCGCTGTT-TAACCATC","delta"
"human3_lib1.final_cell_0848","GATCCGTCCA-ATATAGGA","quiescent_stellate"
"human3_lib1.final_cell_0849","GATCTCAACC-CCAACCGT","delta"
"human3_lib1.final_cell_0850","GACGAATAAT-CGAGATGT","beta"
"human3_lib1.final_cell_0851","GACAGTCCCT-GGAAACAG","ductal"
"human3_lib1.final_cell_0852","GAGAATACGC-CATCGCAG","beta"
"human3_lib1.final_cell_0853","TGACCAGCAGT-TCGAAGCT","endothelial"
"human3_lib1.final_cell_0854","TGATAACCCGT-GCACCTCT","beta"
"human3_lib1.final_cell_0855","TGACTAGTAAC-TCTGTGGT","endothelial"
"human3_lib1.final_cell_0856","GACTTCTTCG-GAGTTTCG","beta"
"human3_lib1.final_cell_0857","GACTCTTGAC-CTTCGCAC","ductal"
"human3_lib1.final_cell_0858","TGATCGACACC-CGTATCGG","ductal"
"human3_lib1.final_cell_0859","TGACACAAGGC-AAGTAATC","alpha"
"human3_lib1.final_cell_0860","GAGAATTCGT-CACAAGGC","alpha"
"human3_lib1.final_cell_0861","ATATGCAT-GCGTTGCT","gamma"
"human3_lib1.final_cell_0862","GACACGGACT-TGCCATCG","beta"
"human3_lib1.final_cell_0863","TGACTAGTAAC-ACGCTCAG","endothelial"
"human3_lib1.final_cell_0864","GTCTCTCT-TGCGTATC","endothelial"
"human3_lib1.final_cell_0865","TGAGTACACTC-ATCAGCGC","beta"
"human3_lib1.final_cell_0866","GATTAAACTG-GTGTCGGA","alpha"
"human3_lib1.final_cell_0867","GGCATGCT-CAACAAAT","beta"
"human3_lib1.final_cell_0868","TGAACGCTCAG-CCGCAACT","beta"
"human3_lib1.final_cell_0869","CGCTAATA-TTGCACGC","beta"
"human3_lib1.final_cell_0870","ACAGATTAC-GAGAATTG","beta"
"human3_lib1.final_cell_0871","TTCCGCTC-CTCGATGC","ductal"
"human3_lib1.final_cell_0872","GACAGTCCCT-AGCTATGA","quiescent_stellate"
"human3_lib1.final_cell_0873","TCCTTATT-TGTGTCCT","beta"
"human3_lib1.final_cell_0874","GACATTTGTT-TCTGCATC","alpha"
"human3_lib1.final_cell_0875","TGAGAGTTCAC-CGAATAAT","beta"
"human3_lib1.final_cell_0876","GTAACGTT-TACAGCCG","alpha"
"human3_lib1.final_cell_0877","AATATCTTC-TAGCTTAT","beta"
"human3_lib1.final_cell_0878","TGCCTCAC-TGCCATCG","beta"
"human3_lib1.final_cell_0879","AGCAGAAC-TCCCAATC","beta"
"human3_lib1.final_cell_0880","ATCAGCGC-TTCACATA","beta"
"human3_lib1.final_cell_0881","AACCTGAC-GCAACCTG","beta"
"human3_lib1.final_cell_0882","GACGCCTTGA-TCGGTTTA","alpha"
"human3_lib1.final_cell_0883","ACCCACGA-GCTTACCT","beta"
"human3_lib1.final_cell_0884","GACTCTTGAC-TTGAGGGT","endothelial"
"human3_lib1.final_cell_0885","GAAAGATTGT-CCAGCAGT","quiescent_stellate"
"human3_lib1.final_cell_0886","GACATCTCCC-ATTCCTTG","beta"
"human3_lib1.final_cell_0887","GGCCCTTA-TTCGCTGG","beta"
"human3_lib1.final_cell_0888","GACCTGACAC-GAAGGCTT","beta"
"human3_lib1.final_cell_0889","GCTCTAGT-CGTCAGCA","beta"
"human3_lib1.final_cell_0890","TGACACTTTCT-TAACTACT","quiescent_stellate"
"human3_lib1.final_cell_0891","AGTTTACGT-TGCTATTT","endothelial"
"human3_lib1.final_cell_0892","GACTAGACCC-GAATTCGT","alpha"
"human3_lib1.final_cell_0893","GAGTCCAAAG-AGCTACGG","alpha"
"human3_lib1.final_cell_0894","ACTACTTGT-GGCATGCT","beta"
"human3_lib1.final_cell_0895","GACCCTTCAG-ATCAGCGC","ductal"
"human3_lib1.final_cell_0896","GAACTGCCGT-GCAGGGTA","endothelial"
"human3_lib1.final_cell_0897","GTTTGTTT-CAAGAGGG","endothelial"
"human3_lib2.final_cell_0001","AAGATGGCT-GGTTTCTC","acinar"
"human3_lib2.final_cell_0002","TTCGGCCT-TTTGTGTC","acinar"
"human3_lib2.final_cell_0003","AGGTCACAG-AACACACG","acinar"
"human3_lib2.final_cell_0004","GACATTTGTT-GGGCCAAT","acinar"
"human3_lib2.final_cell_0005","AACGAAACG-GCTTTGGC","acinar"
"human3_lib2.final_cell_0006","AATATACCT-ACAGCGGA","acinar"
"human3_lib2.final_cell_0007","ACGTGGATA-GATGTATT","acinar"
"human3_lib2.final_cell_0008","TGAATATAGGA-GCCAAGAT","acinar"
"human3_lib2.final_cell_0009","TGATGTTTGAG-TTGCACGC","acinar"
"human3_lib2.final_cell_0010","GAATCAAGTG-TACTTGTG","acinar"
"human3_lib2.final_cell_0011","AACTCACCG-ATGGAAAT","acinar"
"human3_lib2.final_cell_0012","TGACGTAGAAG-GTCATATT","acinar"
"human3_lib2.final_cell_0013","TGAATTCGACG-ACTGCCGT","acinar"
"human3_lib2.final_cell_0014","TGAGGGAAATC-GTTACCGC","acinar"
"human3_lib2.final_cell_0015","GATGCCATCG-CGTCAGCA","acinar"
"human3_lib2.final_cell_0016","AACGCAGAG-ACTAGGAT","delta"
"human3_lib2.final_cell_0017","AGTGTCGGA-TCCAGGGA","acinar"
"human3_lib2.final_cell_0018","ACGTGGATA-TGACCCTC","acinar"
"human3_lib2.final_cell_0019","GCATGGGT-AGCAGAAC","acinar"
"human3_lib2.final_cell_0020","TGAGAAGCACT-AGTTTAGA","acinar"
"human3_lib2.final_cell_0021","GAAGTGATGC-AAAGTCGG","acinar"
"human3_lib2.final_cell_0022","TGACTCGCGTA-TTTAACAG","acinar"
"human3_lib2.final_cell_0023","GACACGGACT-CGCTAGTC","acinar"
"human3_lib2.final_cell_0024","GACGTCAGCA-AAGGTAAT","acinar"
"human3_lib2.final_cell_0025","TGAGTACACTC-CACTCCTC","acinar"
"human3_lib2.final_cell_0026","TTAAGCGT-ACCTTGCC","acinar"
"human3_lib2.final_cell_0027","TGAGTACACTC-ACATCTAT","acinar"
"human3_lib2.final_cell_0028","ATCGGTTCG-GCAACCTG","acinar"
"human3_lib2.final_cell_0029","TGATTAGTCCG-TGGTTTCT","acinar"
"human3_lib2.final_cell_0030","TTTGTGTC-GGTCTGAC","beta"
"human3_lib2.final_cell_0031","GTTGCACG-GGGAACGA","acinar"
"human3_lib2.final_cell_0032","TGATACGTGCT-AATTCCCA","acinar"
"human3_lib2.final_cell_0033","ATCGGTTCG-AGAAGTTA","acinar"
"human3_lib2.final_cell_0034","TGAGCAGGGTA-ATTGGGCC","acinar"
"human3_lib2.final_cell_0035","GATGTGCTCA-TTAAACTG","acinar"
"human3_lib2.final_cell_0036","TGAAACACACG-AACAATCC","acinar"
"human3_lib2.final_cell_0037","CTTTCTTT-GGATAAAG","acinar"
"human3_lib2.final_cell_0038","AAATCGGGT-TTGAGGGT","acinar"
"human3_lib2.final_cell_0039","GAGAAAGACC-GAGCGGTA","acinar"
"human3_lib2.final_cell_0040","ACGTGGATA-TTGGCGTT","beta"
"human3_lib2.final_cell_0041","TGACACAGTTT-GGAAACAG","acinar"
"human3_lib2.final_cell_0042","AGTCAATAC-TTGATCTA","acinar"
"human3_lib2.final_cell_0043","TGAGGTTTCTC-TGACCAGT","acinar"
"human3_lib2.final_cell_0044","AAAAGTCGG-TACCGGCA","acinar"
"human3_lib2.final_cell_0045","GAAAGCGTAC-TCTGTGGT","acinar"
"human3_lib2.final_cell_0046","GATGTTCCAG-CTTTAATC","acinar"
"human3_lib2.final_cell_0047","GAACCACGCT-GTTACGAT","acinar"
"human3_lib2.final_cell_0048","TGACCATTACT-CGTCAGCA","acinar"
"human3_lib2.final_cell_0049","TGATCACCGAG-CGCCTTGA","acinar"
"human3_lib2.final_cell_0050","GAGATTGCGA-GACAAAGG","beta"
"human3_lib2.final_cell_0051","TGACATACATT-AAGCTTCT","acinar"
"human3_lib2.final_cell_0052","ATGGCCTGT-TTCGTTCC","acinar"
"human3_lib2.final_cell_0053","TGATCCCTGAT-CTTCGCAC","acinar"
"human3_lib2.final_cell_0054","TGAACGCTCAG-GAGTTTCG","acinar"
"human3_lib2.final_cell_0055","AACGAAACG-GAGAGTAT","acinar"
"human3_lib2.final_cell_0056","AACTCACCG-TCACGTTT","acinar"
"human3_lib2.final_cell_0057","AAGTGAAAG-AGCTACGG","acinar"
"human3_lib2.final_cell_0058","TGACAAGTCAT-AGACACCA","acinar"
"human3_lib2.final_cell_0059","TTAAGCGT-AACTTAGC","acinar"
"human3_lib2.final_cell_0060","ATTGGATCG-CGATTGAT","acinar"
"human3_lib2.final_cell_0061","TGAGGTTTCTC-TCGACGGT","acinar"
"human3_lib2.final_cell_0062","ACGTGCTAG-GAAAGACC","acinar"
"human3_lib2.final_cell_0063","AAAATCGTT-GTATGAGT","acinar"
"human3_lib2.final_cell_0064","TGAGCAGGGTA-TGAGGTCT","acinar"
"human3_lib2.final_cell_0065","TGATCGACGGT-CGGGCTTT","beta"
"human3_lib2.final_cell_0066","ACGTATAC-GGAATAGA","delta"
"human3_lib2.final_cell_0067","AGCTTTCCA-ACCTTGCC","acinar"
"human3_lib2.final_cell_0068","ATTTGGGAG-CAAGAGGG","ductal"
"human3_lib2.final_cell_0069","GAGCGGTA-CCCATCTG","acinar"
"human3_lib2.final_cell_0070","AAATGAATG-CGTATTTC","delta"
"human3_lib2.final_cell_0071","TGATCCCTGAT-CCCAAGCA","acinar"
"human3_lib2.final_cell_0072","AGGTCACAG-GACAACTT","acinar"
"human3_lib2.final_cell_0073","TGATCGTCATG-CATTTGTT","acinar"
"human3_lib2.final_cell_0074","AGTCAATAC-TGCGACAG","acinar"
"human3_lib2.final_cell_0075","TGATTCACATA-GGCCCTTA","acinar"
"human3_lib2.final_cell_0076","AATGCGGAT-CTTTCTTT","acinar"
"human3_lib2.final_cell_0077","AAAAGTCGG-AAATGTCG","beta"
"human3_lib2.final_cell_0078","AGTCAATAC-CGACGTCA","acinar"
"human3_lib2.final_cell_0079","TGATACGTGCT-CAATTAGT","acinar"
"human3_lib2.final_cell_0080","TGACTCGCGTA-CCATTACT","acinar"
"human3_lib2.final_cell_0081","AAAATCGTT-CCCATCTG","acinar"
"human3_lib2.final_cell_0082","GACCTACTAG-GTCAAAGA","acinar"
"human3_lib2.final_cell_0083","TTATCTGT-AAAGCCTA","acinar"
"human3_lib2.final_cell_0084","AACTCACCG-ATGTTGGC","acinar"
"human3_lib2.final_cell_0085","AATGGATTA-ACGAAACG","beta"
"human3_lib2.final_cell_0086","GAGAGCCCAT-TCGGTTTA","acinar"
"human3_lib2.final_cell_0087","TGATCGTCATG-ATGGATTA","delta"
"human3_lib2.final_cell_0088","TGAGGCTACTA-GCGTTGCT","acinar"
"human3_lib2.final_cell_0089","AATGTTGGC-CGTGGATA","beta"
"human3_lib2.final_cell_0090","GACGCTAGTC-GGTCACAG","acinar"
"human3_lib2.final_cell_0091","TGAAACAATCC-TTGCACGC","acinar"
"human3_lib2.final_cell_0092","AATATACCT-ATGCGGAT","delta"
"human3_lib2.final_cell_0093","GATAACCATC-ACTGAGTT","acinar"
"human3_lib2.final_cell_0094","TCCTTATT-AATGTTTG","acinar"
"human3_lib2.final_cell_0095","AATGGATTA-GTCAATAC","delta"
"human3_lib2.final_cell_0096","TGCCTCAC-CTGTTCTT","acinar"
"human3_lib2.final_cell_0097","AATTCAGTA-GGTTTCTC","acinar"
"human3_lib2.final_cell_0098","AGCAAAGCC-AATGTTTG","acinar"
"human3_lib2.final_cell_0099","ACTGAGTGC-TCGTCATG","acinar"
"human3_lib2.final_cell_0100","AAGCGAAGT-CTCAGAAT","acinar"
"human3_lib2.final_cell_0101","AAAACGCCT-AAATGTCG","acinar"
"human3_lib2.final_cell_0102","ATGTGTCCT-CGCTCTCA","acinar"
"human3_lib2.final_cell_0103","TCATATGG-TAAGACGG","delta"
"human3_lib2.final_cell_0104","ATCTTTGT-TGGAGGAG","acinar"
"human3_lib2.final_cell_0105","TGAGTACACTC-TTTAACAG","acinar"
"human3_lib2.final_cell_0106","AATGCGGAT-ACGCTCAG","beta"
"human3_lib2.final_cell_0107","TGATGTCTTTC-ACCCATAT","acinar"
"human3_lib2.final_cell_0108","AGAAGTCC-GTCATATT","acinar"
"human3_lib2.final_cell_0109","TTGCATAT-CTTTCTTT","acinar"
"human3_lib2.final_cell_0110","GAAGGCAGTT-TGGGATTC","acinar"
"human3_lib2.final_cell_0111","TGAGTTCTGTT-CCCATCTG","alpha"
"human3_lib2.final_cell_0112","ACCCTAACC-AAACCTCC","acinar"
"human3_lib2.final_cell_0113","CCCATCTG-CACTCCTC","beta"
"human3_lib2.final_cell_0114","AAATCAGA-TGGTTTCT","alpha"
"human3_lib2.final_cell_0115","CGACGTCA-CTCCGCAT","acinar"
"human3_lib2.final_cell_0116","GAGTTGTCAT-AGGTTGTG","acinar"
"human3_lib2.final_cell_0117","TGACTAGTAAC-GACGATGG","acinar"
"human3_lib2.final_cell_0118","TTATAGCC-CAGTCCCT","acinar"
"human3_lib2.final_cell_0119","CTTACGGG-AACCCTTG","acinar"
"human3_lib2.final_cell_0120","AAAAGCCTA-CCGCTGTT","acinar"
"human3_lib2.final_cell_0121","ATTCGTTCC-CTTACGGG","gamma"
"human3_lib2.final_cell_0122","AACGCAGAG-CAACGTGG","ductal"
"human3_lib2.final_cell_0123","TGAGCCGGATT-TTGATTCT","acinar"
"human3_lib2.final_cell_0124","TAGCCTCG-CCCTAACC","acinar"
"human3_lib2.final_cell_0125","TGAGACAAAGG-CTTACTCC","acinar"
"human3_lib2.final_cell_0126","TGATCCAGTCC-GTCCAAAG","acinar"
"human3_lib2.final_cell_0127","TCGAAGCT-ACGAAACG","acinar"
"human3_lib2.final_cell_0128","TGAATATAGGA-GTTGTCAT","ductal"
"human3_lib2.final_cell_0129","TGAGAGTTCAC-TTCGCTGG","acinar"
"human3_lib2.final_cell_0130","TGATACGTGCT-GTGTAACC","acinar"
"human3_lib2.final_cell_0131","TGATAACCCGT-CCTCGTCT","delta"
"human3_lib2.final_cell_0132","GAACAGCGGA-ATACTCTT","beta"
"human3_lib2.final_cell_0133","AAAAGTCGG-TTGATCTA","alpha"
"human3_lib2.final_cell_0134","GACACGGACT-TCGAAGCT","acinar"
"human3_lib2.final_cell_0135","TGACTAGTAAC-TGCTATTT","acinar"
"human3_lib2.final_cell_0136","GAATCAAGTG-AATTCCCA","delta"
"human3_lib2.final_cell_0137","GAGATCTCGG-ATACTCTT","beta"
"human3_lib2.final_cell_0138","TGATGTTTGAG-CGTGCTAG","acinar"
"human3_lib2.final_cell_0139","TGAGTGGAGCT-GGCATGCT","beta"
"human3_lib2.final_cell_0140","AGTCAAAGA-AGCACCAC","acinar"
"human3_lib2.final_cell_0141","ATATGCAT-CTCGATGC","ductal"
"human3_lib2.final_cell_0142","AAAACTCGA-GCAGGGTA","alpha"
"human3_lib2.final_cell_0143","ATCATGAGG-AGAGACTA","ductal"
"human3_lib2.final_cell_0144","TACAGCCG-GTTTGTTT","beta"
"human3_lib2.final_cell_0145","TGAAGAAGTTA-ATGACTTT","alpha"
"human3_lib2.final_cell_0146","CGTATTTC-AGAAGTTA","beta"
"human3_lib2.final_cell_0147","AATTCAGTA-TTCCGAGT","alpha"
"human3_lib2.final_cell_0148","TGAATGACTTT-GCAACCTG","acinar"
"human3_lib2.final_cell_0149","TGACTACGAGC-AGCGCGAT","delta"
"human3_lib2.final_cell_0150","AAAAGTCGG-GTCTCTCT","beta"
"human3_lib2.final_cell_0151","TACAGCCG-GGTTTCTC","beta"
"human3_lib2.final_cell_0152","AGAAGTGCC-GGGAACGA","alpha"
"human3_lib2.final_cell_0153","AAGATGGCT-GTTACCGC","beta"
"human3_lib2.final_cell_0154","ATTGTGACT-ATATCTTC","alpha"
"human3_lib2.final_cell_0155","GAATTCCTTG-TAGTGGAC","delta"
"human3_lib2.final_cell_0156","TGACTCGCGTA-GCTTTGGC","alpha"
"human3_lib2.final_cell_0157","AACGAAACG-GCAAAGCC","beta"
"human3_lib2.final_cell_0158","AACCCATAT-CATCGCAG","acinar"
"human3_lib2.final_cell_0159","TGACAATACTT-AAAGCCTA","acinar"
"human3_lib2.final_cell_0160","TGATCGTCATG-GATCGTTT","acinar"
"human3_lib2.final_cell_0161","TAGTCTAG-GTAACGTT","ductal"
"human3_lib2.final_cell_0162","AAGTGAAAG-CGCTAATA","ductal"
"human3_lib2.final_cell_0163","ATCTAGCAG-GGGAACGA","beta"
"human3_lib2.final_cell_0164","TGAGGCTACTA-TGTAAAGG","acinar"
"human3_lib2.final_cell_0165","TGACTGTTCTT-TCTAGCAG","delta"
"human3_lib2.final_cell_0166","GAGGACTTCC-GAGTTTCG","beta"
"human3_lib2.final_cell_0167","TGAAGGATTCA-AAACTGGT","gamma"
"human3_lib2.final_cell_0168","ACTACTTGT-ATGGGCAC","acinar"
"human3_lib2.final_cell_0169","TGATCCCGTAG-CGAGATGT","beta"
"human3_lib2.final_cell_0170","TTCCGCTC-CCTGTTAT","beta"
"human3_lib2.final_cell_0171","GAGAGAATTG-GTCGTCGT","acinar"
"human3_lib2.final_cell_0172","ACCGTGTTT-CCTCGTCT","acinar"
"human3_lib2.final_cell_0173","AGTGGATGG-CAACAAAT","alpha"
"human3_lib2.final_cell_0174","GACTCTTGAC-CGGACAAC","acinar"
"human3_lib2.final_cell_0175","TGAAGGAGCTT-TCCGTCCA","beta"
"human3_lib2.final_cell_0176","AATGCGGAT-TGAGGTCT","alpha"
"human3_lib2.final_cell_0177","TGACGTAGAAG-AGAAGTCC","beta"
"human3_lib2.final_cell_0178","ACCCACGA-ACCCATAT","alpha"
"human3_lib2.final_cell_0179","GATGTACACG-ATACTCTT","gamma"
"human3_lib2.final_cell_0180","TGATCGTCATG-TCCGTCCA","acinar"
"human3_lib2.final_cell_0181","GAGAAAGACC-AACACACG","alpha"
"human3_lib2.final_cell_0182","AATTCAGTA-TGCAAGGG","beta"
"human3_lib2.final_cell_0183","AAGATGGCT-CACTTTCT","acinar"
"human3_lib2.final_cell_0184","TGATTGCACGC-AGGCAGTT","acinar"
"human3_lib2.final_cell_0185","GATTAAACTG-GACAAAGG","delta"
"human3_lib2.final_cell_0186","AAAATCGTT-GAATACGC","alpha"
"human3_lib2.final_cell_0187","ATGCTCCGT-TCCGTCCA","ductal"
"human3_lib2.final_cell_0188","TGAGCAGGGTA-GCAACCTG","delta"
"human3_lib2.final_cell_0189","AGAGACTA-ATGTTGGC","delta"
"human3_lib2.final_cell_0190","AAATCAGA-CTGAGTGC","alpha"
"human3_lib2.final_cell_0191","TGAATGACCGA-TTCACATA","ductal"
"human3_lib2.final_cell_0192","AAATCGGGT-AGGAGCTT","beta"
"human3_lib2.final_cell_0193","ATATGCAT-CGTGCTAG","beta"
"human3_lib2.final_cell_0194","AATGGATTA-CAGGTGTC","delta"
"human3_lib2.final_cell_0195","ACGTGGATA-TCGTCATG","alpha"
"human3_lib2.final_cell_0196","TGAAGGAGCTT-GGTCTGAC","beta"
"human3_lib2.final_cell_0197","ATTAGGACC-CGAATAAT","alpha"
"human3_lib2.final_cell_0198","CCGCTGTT-GAAAGACC","beta"
"human3_lib2.final_cell_0199","TGACCAGT-GTTCTGTT","acinar"
"human3_lib2.final_cell_0200","CCCATCTG-CAGGTGTC","beta"
"human3_lib2.final_cell_0201","GAGAAGGCTT-GAAAGACC","acinar"
"human3_lib2.final_cell_0202","AATTCAGTA-GGCCCTTA","alpha"
"human3_lib2.final_cell_0203","TGACACAGTTT-GGAATAGA","beta"
"human3_lib2.final_cell_0204","TGAGTACACTC-ATGTTGGC","beta"
"human3_lib2.final_cell_0205","TGAAGAAGTTA-ACAGCGGA","alpha"
"human3_lib2.final_cell_0206","ATGGCCTGT-AGTGAAAG","beta"
"human3_lib2.final_cell_0207","ACGGAATTT-TTAGGACC","acinar"
"human3_lib2.final_cell_0208","CATCGCAG-GCTTTGGC","ductal"
"human3_lib2.final_cell_0209","AAAAGCCTA-ATGGGCAC","ductal"
"human3_lib2.final_cell_0210","GATGGAGGAG-CTTGGTGT","beta"
"human3_lib2.final_cell_0211","AACGCAGAG-GAATTCGT","alpha"
"human3_lib2.final_cell_0212","ACAGATTAC-TTGGCGTT","alpha"
"human3_lib2.final_cell_0213","TGATTTACCCT-GTGGATGG","acinar"
"human3_lib2.final_cell_0214","AGGTGACAC-ATGGATTA","acinar"
"human3_lib2.final_cell_0215","TCATATGG-AGAGACTA","gamma"
"human3_lib2.final_cell_0216","ACGTGCTAG-GAGAATTG","alpha"
"human3_lib2.final_cell_0217","ATCAGCGC-CGTATCGG","alpha"
"human3_lib2.final_cell_0218","AGTCAATAC-TTGGACTT","acinar"
"human3_lib2.final_cell_0219","TTTGTGTC-AGAACGGG","beta"
"human3_lib2.final_cell_0220","GATCGTTT-GCCACATC","delta"
"human3_lib2.final_cell_0221","AACCCATAT-TGTGCTCA","alpha"
"human3_lib2.final_cell_0222","CGGCACAT-TTGTTTAC","ductal"
"human3_lib2.final_cell_0223","TGACAATACTT-ACTGCCGT","delta"
"human3_lib2.final_cell_0224","TACAGCCG-TGCCATCG","ductal"
"human3_lib2.final_cell_0225","AGAAGTGCC-AACCCTTG","delta"
"human3_lib2.final_cell_0226","GATCTCACTT-GATCTCGG","acinar"
"human3_lib2.final_cell_0227","ACCCGACTT-CTGGTGCA","ductal"
"human3_lib2.final_cell_0228","TACCGGCA-GACAAAGG","acinar"
"human3_lib2.final_cell_0229","GCTTTGGC-GGATAAAG","acinar"
"human3_lib2.final_cell_0230","AGTGGATGG-GAAGTGCC","beta"
"human3_lib2.final_cell_0231","AACGAAACG-CGTATTTC","alpha"
"human3_lib2.final_cell_0232","TGAGCAAGGAC-ACGGTAGC","ductal"
"human3_lib2.final_cell_0233","TGACAATACTT-GATTGCGA","beta"
"human3_lib2.final_cell_0234","TGAGCCGGATT-GAATTCGT","beta"
"human3_lib2.final_cell_0235","TGCGTATC-GGGAAATC","acinar"
"human3_lib2.final_cell_0236","AGTCAAAGA-TCCGTCCA","alpha"
"human3_lib2.final_cell_0237","GACATTTGTT-ACGTATAC","acinar"
"human3_lib2.final_cell_0238","TCCAGGGA-GAAGCACT","alpha"
"human3_lib2.final_cell_0239","ACGTATAC-GTTGCACG","activated_stellate"
"human3_lib2.final_cell_0240","AGAGGTGG-AAACTCGA","alpha"
"human3_lib2.final_cell_0241","AAGAACGGG-CCTGACAC","ductal"
"human3_lib2.final_cell_0242","ATCACGTTT-TTCGTTCC","beta"
"human3_lib2.final_cell_0243","GATCGGTACG-GTGGAGCT","alpha"
"human3_lib2.final_cell_0244","AAGTGAAAG-TTCACATA","beta"
"human3_lib2.final_cell_0245","GACCTGACAC-GTCATATT","delta"
"human3_lib2.final_cell_0246","ACTTAGGTA-TACCAGGC","alpha"
"human3_lib2.final_cell_0247","GAGGGAACCT-TTTGGGAG","acinar"
"human3_lib2.final_cell_0248","GATGTAGTTT-AAGCGTAC","alpha"
"human3_lib2.final_cell_0249","GACCTATTCA-CGCCTTGA","beta"
"human3_lib2.final_cell_0250","ATCATGAGG-AGATGGCT","alpha"
"human3_lib2.final_cell_0251","GATTGATCTA-AGGAAGAC","alpha"
"human3_lib2.final_cell_0252","TGACGTAGAAG-ATTCGACG","activated_stellate"
"human3_lib2.final_cell_0253","ACGTGCTAG-ACACTAAG","ductal"
"human3_lib2.final_cell_0254","GATCTCACTT-TTCGGCCT","acinar"
"human3_lib2.final_cell_0255","ATCTGCATC-AATGTTTG","alpha"
"human3_lib2.final_cell_0256","ACAGGTGTC-GTCTCTCT","alpha"
"human3_lib2.final_cell_0257","ACGTGCTAG-CGGGTAGT","acinar"
"human3_lib2.final_cell_0258","TGAGAGGCTGA-TGTGCTCA","alpha"
"human3_lib2.final_cell_0259","GAGGGAGGTA-GATGTATT","beta"
"human3_lib2.final_cell_0260","CGAACGTA-TTGGATCG","acinar"
"human3_lib2.final_cell_0261","AACGCAGAG-GGAGAAGC","beta"
"human3_lib2.final_cell_0262","GCTTTGGC-AGCGCCTT","ductal"
"human3_lib2.final_cell_0263","GACTTACTCC-CGAACGTA","beta"
"human3_lib2.final_cell_0264","GATTGATCTA-CTCGATGC","delta"
"human3_lib2.final_cell_0265","TGAGACAACTT-TGAAATGA","beta"
"human3_lib2.final_cell_0266","GAGGTCCCTT-ATCCCACG","acinar"
"human3_lib2.final_cell_0267","GAGGTCCCTT-CCATTTGA","acinar"
"human3_lib2.final_cell_0268","GTTTGTTT-GATTTACC","acinar"
"human3_lib2.final_cell_0269","TGAGCAGGGTA-CGCTCTCA","acinar"
"human3_lib2.final_cell_0270","GAACGCCATT-CAACAAAT","acinar"
"human3_lib2.final_cell_0271","GACTTCTTCG-GAAGTGCC","activated_stellate"
"human3_lib2.final_cell_0272","TGAGAAGCACT-CGTACCTA","acinar"
"human3_lib2.final_cell_0273","TGACGGGTAGT-ACTGAGTT","beta"
"human3_lib2.final_cell_0274","GAGAAAGACC-GACAAAGG","ductal"
"human3_lib2.final_cell_0275","GGAAACAG-GGGAGGTA","alpha"
"human3_lib2.final_cell_0276","GATGCCATCG-TGTCTTTC","beta"
"human3_lib2.final_cell_0277","TGAAGGATTCA-TGCGACAG","acinar"
"human3_lib2.final_cell_0278","AGCCAAGAT-GAGAATTG","beta"
"human3_lib2.final_cell_0279","TTGCATAT-ACTTCAAT","beta"
"human3_lib2.final_cell_0280","CCGCTGTT-ATGCATGG","acinar"
"human3_lib2.final_cell_0281","AACGGTAGC-AAACCTCC","ductal"
"human3_lib2.final_cell_0282","GAATTGGGCC-ATCAGCGC","beta"
"human3_lib2.final_cell_0283","GATCTCAACC-GGCCTAAG","acinar"
"human3_lib2.final_cell_0284","GAACACTAAG-AGCGCGAT","beta"
"human3_lib2.final_cell_0285","CAGTTTGC-CTTGGTGT","beta"
"human3_lib2.final_cell_0286","GACCTACTAG-GATTTACC","alpha"
"human3_lib2.final_cell_0287","AGTTACCGC-GTTCTGTT","beta"
"human3_lib2.final_cell_0288","CTATAGAG-GTCAAAGA","alpha"
"human3_lib2.final_cell_0289","GATGTGAG-TAGTCGCA","ductal"
"human3_lib2.final_cell_0290","GACATTTGTT-ATTTCCGG","alpha"
"human3_lib2.final_cell_0291","TGACACTTTCT-AGCGAAGT","acinar"
"human3_lib2.final_cell_0292","GATTGATCTA-AACTTAGC","alpha"
"human3_lib2.final_cell_0293","AGCTTTCCA-CTCGCGTA","ductal"
"human3_lib2.final_cell_0294","GATCTGTGGT-TTTAACAG","activated_stellate"
"human3_lib2.final_cell_0295","GATTCCGAGT-ATTCCTTG","alpha"
"human3_lib2.final_cell_0296","CGGCACAT-TCGGTACG","alpha"
"human3_lib2.final_cell_0297","AATGGATTA-CGACTCCT","ductal"
"human3_lib2.final_cell_0298","TTAAGCGT-GCTCTAGT","acinar"
"human3_lib2.final_cell_0299","GAGAATACGC-CACAAGGC","acinar"
"human3_lib2.final_cell_0300","GATTAAACTG-CAACGTGG","acinar"
"human3_lib2.final_cell_0301","ACTCCGCAT-ATATCTTC","alpha"
"human3_lib2.final_cell_0302","ATTCCAGAC-CACAAGGC","alpha"
"human3_lib2.final_cell_0303","TAGCTTAT-CGTGGATA","alpha"
"human3_lib2.final_cell_0304","AAATGAATG-GTGGAGCT","beta"
"human3_lib2.final_cell_0305","TGACACAACAG-GTGGATGG","alpha"
"human3_lib2.final_cell_0306","TGATTGCACGC-TCGGTTTA","beta"
"human3_lib2.final_cell_0307","TCATATGG-TTGTTTAC","alpha"
"human3_lib2.final_cell_0308","CTTACGGG-GCAAAGCC","beta"
"human3_lib2.final_cell_0309","GATCTCAACC-ACTGAGTT","beta"
"human3_lib2.final_cell_0310","ATAGTGGAC-GATTAGAC","alpha"
"human3_lib2.final_cell_0311","ACCCTAACC-GCCGGATT","delta"
"human3_lib2.final_cell_0312","ATCATGAGG-ACGAAACG","alpha"
"human3_lib2.final_cell_0313","ATCTGCATC-TCGACGGT","alpha"
"human3_lib2.final_cell_0314","ATTGGATCG-GTTACCGC","alpha"
"human3_lib2.final_cell_0315","TGAGCAGGGTA-CGCTAGTC","ductal"
"human3_lib2.final_cell_0316","TGAGCAAGGAC-CATCTCCC","ductal"
"human3_lib2.final_cell_0317","GAGGACTTCC-TTAGTCCG","delta"
"human3_lib2.final_cell_0318","GAGGTCCCTT-CGACTCCT","alpha"
"human3_lib2.final_cell_0319","TGAGGCTACTA-CGAATAAT","ductal"
"human3_lib2.final_cell_0320","AACGGTAGC-GTTCAACT","ductal"
"human3_lib2.final_cell_0321","ACTAGATTG-TTGGACTT","alpha"
"human3_lib2.final_cell_0322","TGAATTCGACG-TGACGGAC","alpha"
"human3_lib2.final_cell_0323","ACCCGACTT-TTGGATCG","ductal"
"human3_lib2.final_cell_0324","GCATGGGT-ACCTTGCC","acinar"
"human3_lib2.final_cell_0325","ATTCCAGAC-AAAGCCTA","beta"
"human3_lib2.final_cell_0326","TGAGCAGGGTA-CGTGCTAG","beta"
"human3_lib2.final_cell_0327","AGAGGTGG-TGATGCCC","alpha"
"human3_lib2.final_cell_0328","AGGGAACGA-GGAAACAG","alpha"
"human3_lib2.final_cell_0329","TGATCGACGGT-CTGAGTGC","alpha"
"human3_lib2.final_cell_0330","AAATCAGA-ATCCCACG","alpha"
"human3_lib2.final_cell_0331","TGAGGCGGTTT-ATTGGGCC","beta"
"human3_lib2.final_cell_0332","GATGAAATGA-TCGGTTCG","beta"
"human3_lib2.final_cell_0333","TGCCTCAC-CTAGTAAC","ductal"
"human3_lib2.final_cell_0334","GACAAGAGGG-ATATAGGA","acinar"
"human3_lib2.final_cell_0335","GATCCGTCCA-TTTGGGAG","beta"
"human3_lib2.final_cell_0336","AAAGTAATC-CGAATAAT","beta"
"human3_lib2.final_cell_0337","GGATAAAG-GAGTTCAC","alpha"
"human3_lib2.final_cell_0338","AGAAGTGCC-TACGTGCT","alpha"
"human3_lib2.final_cell_0339","TGGTATGA-AGCTACGG","beta"
"human3_lib2.final_cell_0340","TGAAACACACG-ATTTCCGG","ductal"
"human3_lib2.final_cell_0341","GATAGTGTTT-TCCAGTCC","ductal"
"human3_lib2.final_cell_0342","AGGCAACG-ACCCACGA","beta"
"human3_lib2.final_cell_0343","TTCGGCCT-GCTTTCCA","ductal"
"human3_lib2.final_cell_0344","CGGCTTAC-CTACCGTT","activated_stellate"
"human3_lib2.final_cell_0345","TGAAGGATTCA-CGTACCTA","ductal"
"human3_lib2.final_cell_0346","TCGAAGCT-ATACTCTT","beta"
"human3_lib2.final_cell_0347","GATGACCCTC-TACTTGTG","beta"
"human3_lib2.final_cell_0348","CCCATCTG-GCAGGGTA","alpha"
"human3_lib2.final_cell_0349","CGGCACAT-GTGTCGGA","alpha"
"human3_lib2.final_cell_0350","CATCGCAG-GTACACTC","alpha"
"human3_lib2.final_cell_0351","GAGATTGCGA-GCAGTCGA","beta"
"human3_lib2.final_cell_0352","GTACCTTG-GGCCCTTA","beta"
"human3_lib2.final_cell_0353","GATGTAAAGG-ACGGTAGC","alpha"
"human3_lib2.final_cell_0354","TGACTAGTAAC-CGTGGATA","beta"
"human3_lib2.final_cell_0355","TGAGAGGCTGA-AATGTTTG","beta"
"human3_lib2.final_cell_0356","AAGCTTCT-AGTTTAGA","alpha"
"human3_lib2.final_cell_0357","TCATCCTT-CACAAGGC","alpha"
"human3_lib2.final_cell_0358","ACTCCGCAT-ATTCCTTG","beta"
"human3_lib2.final_cell_0359","ACCCTAACC-CGCCTTGA","acinar"
"human3_lib2.final_cell_0360","TGAATTCGACG-CGTGCTAG","alpha"
"human3_lib2.final_cell_0361","ACTACTTGT-TTCGCTGG","beta"
"human3_lib2.final_cell_0362","ACGGAATTT-ACGCAGAG","alpha"
"human3_lib2.final_cell_0363","TGATGTCTTTC-CATCGCAG","alpha"
"human3_lib2.final_cell_0364","TTATCTGT-TTCCGAGT","alpha"
"human3_lib2.final_cell_0365","ATTCCAGAC-CATTTGTT","alpha"
"human3_lib2.final_cell_0366","GATAAGACGG-CAGTCCCT","beta"
"human3_lib2.final_cell_0367","GACCTACTAG-ACACTAAG","beta"
"human3_lib2.final_cell_0368","TGAACGCTCAG-GAGGCTGA","activated_stellate"
"human3_lib2.final_cell_0369","TGACAGACCAT-CTTGGTGT","beta"
"human3_lib2.final_cell_0370","TGACTCGCGTA-CGGCTTAC","activated_stellate"
"human3_lib2.final_cell_0371","TGACTTCGCAC-CTACGAGC","beta"
"human3_lib2.final_cell_0372","GAAGTGATGC-GATCGTTT","alpha"
"human3_lib2.final_cell_0373","ACTAGATTG-GACAACTT","endothelial"
"human3_lib2.final_cell_0374","ATGCTCCGT-TTAAACTG","acinar"
"human3_lib2.final_cell_0375","TGAGAGTTCAC-TGTGCTCA","ductal"
"human3_lib2.final_cell_0376","TGAGGCTACTA-CTTACGGG","alpha"
"human3_lib2.final_cell_0377","TCCAGGGA-ACTCACCG","alpha"
"human3_lib2.final_cell_0378","GACTCTTGAC-GTTCTGTT","alpha"
"human3_lib2.final_cell_0379","TGATAGAAATG-ACTCACCG","ductal"
"human3_lib2.final_cell_0380","ATGCTCCGT-GTCAAAGA","gamma"
"human3_lib2.final_cell_0381","CGACGTCA-TGTGTCCT","beta"
"human3_lib2.final_cell_0382","AATACTCTT-AACCCTTG","beta"
"human3_lib2.final_cell_0383","AATTCAGTA-TGCCATCG","ductal"
"human3_lib2.final_cell_0384","GAACCACGCT-GAGTTTCG","acinar"
"human3_lib2.final_cell_0385","TGATCCAGTCC-AACTTAGC","alpha"
"human3_lib2.final_cell_0386","TGAGATTTACC-TAGCTTAT","delta"
"human3_lib2.final_cell_0387","GATACCAGGC-TAGTCGCA","delta"
"human3_lib2.final_cell_0388","AACGCAGAG-TGTGCTCA","beta"
"human3_lib2.final_cell_0389","TCGAAGCT-TCACCGAG","alpha"
"human3_lib2.final_cell_0390","ACTACTTGT-GGTGGGAT","beta"
"human3_lib2.final_cell_0391","GAAGTTTAGA-GTTACGAT","ductal"
"human3_lib2.final_cell_0392","ACCATTTGA-TGGGATTC","alpha"
"human3_lib2.final_cell_0393","TGACAAGTCAT-AATCGGGT","alpha"
"human3_lib2.final_cell_0394","ATCTGCATC-GGACTTCC","ductal"
"human3_lib2.final_cell_0395","ATCACGTTT-GTCCATGT","alpha"
"human3_lib2.final_cell_0396","GATGAAATGA-CGAATAAT","acinar"
"human3_lib2.final_cell_0397","TGAATTCGACG-TTTAACAG","alpha"
"human3_lib2.final_cell_0398","GAGGGAGGTA-GAAGTGCC","ductal"
"human3_lib2.final_cell_0399","AGTTTACGT-AGGATTCA","ductal"
"human3_lib2.final_cell_0400","TGAGCGCATTC-TTGAGGGT","alpha"
"human3_lib2.final_cell_0401","TTAAGCGT-GGAAACAG","alpha"
"human3_lib2.final_cell_0402","GATCTCACTT-CCATTACT","ductal"
"human3_lib2.final_cell_0403","GATTGAGGGT-ATTCGACG","acinar"
"human3_lib2.final_cell_0404","GAATTCCTTG-GATTGCGA","alpha"
"human3_lib2.final_cell_0405","ACTGAGTGC-AGTGAAAG","alpha"
"human3_lib2.final_cell_0406","GACATTTGTT-TCGGTACG","ductal"
"human3_lib2.final_cell_0407","AACCCATAT-GTTCTGTT","alpha"
"human3_lib2.final_cell_0408","TTATAGCC-TTCCAGAC","alpha"
"human3_lib2.final_cell_0409","TGACACTTTCT-GATTTACC","ductal"
"human3_lib2.final_cell_0410","AATACTCTT-AAGCGTAC","alpha"
"human3_lib2.final_cell_0411","ACCCGACTT-GGTCTGAC","acinar"
"human3_lib2.final_cell_0412","ATTGTGACT-TCCCAATC","beta"
"human3_lib2.final_cell_0413","TGATATTGCCT-CCGTGTTT","beta"
"human3_lib2.final_cell_0414","GATCTCAACC-TCCGTCCA","ductal"
"human3_lib2.final_cell_0415","TGAATTCGACG-AACTTAGC","alpha"
"human3_lib2.final_cell_0416","TTGGACTT-CACAACAG","activated_stellate"
"human3_lib2.final_cell_0417","GAGTTGTCAT-CACAACAG","ductal"
"human3_lib2.final_cell_0418","GATCTCAACC-GAGAATTG","beta"
"human3_lib2.final_cell_0419","TGACTTGGTGT-GCGTTGCT","beta"
"human3_lib2.final_cell_0420","TACCGGCA-GAATTCGT","alpha"
"human3_lib2.final_cell_0421","AAAACTCGA-GAATACGC","acinar"
"human3_lib2.final_cell_0422","TGACTCAGAAT-GGGAGGTA","beta"
"human3_lib2.final_cell_0423","TGCAAGGG-TCCGTCCA","alpha"
"human3_lib2.final_cell_0424","AATGGATTA-CCACATTA","alpha"
"human3_lib2.final_cell_0425","AACCTGAC-AACTTAGC","alpha"
"human3_lib2.final_cell_0426","ACGCTCTCA-TTTGGGAG","acinar"
"human3_lib2.final_cell_0427","GAAGGCAGTT-AATGTTTG","alpha"
"human3_lib2.final_cell_0428","TGATAACCCGT-GCAGTCGA","beta"
"human3_lib2.final_cell_0429","ACGGACAAC-CTACTTGT","endothelial"
"human3_lib2.final_cell_0430","TGCGTATC-TCACCGAG","alpha"
"human3_lib2.final_cell_0431","TGAGTGGAGCT-CACAAGGC","alpha"
"human3_lib2.final_cell_0432","GAATCAAGTG-AAGGTAAT","gamma"
"human3_lib2.final_cell_0433","TGAAGGTTGTG-AATGACCC","alpha"
"human3_lib2.final_cell_0434","TGATTAGTCCG-AAATCGTT","beta"
"human3_lib2.final_cell_0435","ATGCTCCGT-GAGCGGTA","beta"
"human3_lib2.final_cell_0436","TTATCTGT-AGCGCGAT","ductal"
"human3_lib2.final_cell_0437","TGAGAGGCTGA-TTTATCAC","delta"
"human3_lib2.final_cell_0438","TGAGAAGCACT-TATTGCCT","beta"
"human3_lib2.final_cell_0439","TACAGCCG-CACTTTCT","beta"
"human3_lib2.final_cell_0440","TGATTGCACGC-CATCTCCC","alpha"
"human3_lib2.final_cell_0441","TGCGTATC-ACTGAGTT","activated_stellate"
"human3_lib2.final_cell_0442","GATGTACACG-GCATGGGT","alpha"
"human3_lib2.final_cell_0443","TGCAAGGG-GACGATGG","beta"
"human3_lib2.final_cell_0444","TTTGTGTC-AAATGTCG","alpha"
"human3_lib2.final_cell_0445","AAGCTATGA-CTACGAGC","acinar"
"human3_lib2.final_cell_0446","TCATCCTT-AATGTTTG","alpha"
"human3_lib2.final_cell_0447","GATTAGAC-AACCCTTG","alpha"
"human3_lib2.final_cell_0448","AGGGAAGGT-TCGGTTCG","alpha"
"human3_lib2.final_cell_0449","TGACTTCGCAC-CAAGAGGG","alpha"
"human3_lib2.final_cell_0450","TGAAACAATCC-CTTACTCC","beta"
"human3_lib2.final_cell_0451","TGAGTTCTGTT-AAAGCCTA","alpha"
"human3_lib2.final_cell_0452","AACGAAACG-ACCTTGCC","alpha"
"human3_lib2.final_cell_0453","ATCTGCATC-TGTGCTCA","acinar"
"human3_lib2.final_cell_0454","TGAGGTTTCTC-GCCACATC","beta"
"human3_lib2.final_cell_0455","GATCGGTTTA-CCAACCGT","alpha"
"human3_lib2.final_cell_0456","TGACCTGTTAT-AAACCTCC","alpha"
"human3_lib2.final_cell_0457","GCTTTGGC-CGTAGAAG","alpha"
"human3_lib2.final_cell_0458","GACGCTAGTC-CTTCGATT","ductal"
"human3_lib2.final_cell_0459","TGACGGGTAGT-CAGACCAT","ductal"
"human3_lib2.final_cell_0460","CCAACCGT-ATGCATGG","ductal"
"human3_lib2.final_cell_0461","GGCCCTTA-CCTATTCA","activated_stellate"
"human3_lib2.final_cell_0462","TGACAGACCAT-TCCGTCCA","acinar"
"human3_lib2.final_cell_0463","TGACTCAGAAT-AGCTACGG","alpha"
"human3_lib2.final_cell_0464","TGACAGACCAT-CACTCCTC","beta"
"human3_lib2.final_cell_0465","ATATGCAT-TGTGGCTA","beta"
"human3_lib2.final_cell_0466","GACGCTAGTC-ACTGCCGT","acinar"
"human3_lib2.final_cell_0467","GATGAGGTCT-GTTCAACT","alpha"
"human3_lib2.final_cell_0468","AGTTACCGC-GCAGGGTA","alpha"
"human3_lib2.final_cell_0469","TAGTCTAG-ACACTAAG","acinar"
"human3_lib2.final_cell_0470","TGATATTGCCT-GACAACTT","alpha"
"human3_lib2.final_cell_0471","AGCTTTCCA-TGTTCCAG","alpha"
"human3_lib2.final_cell_0472","ACCGTGTTT-CTACGAGC","acinar"
"human3_lib2.final_cell_0473","ATCTAGCAG-TTTATCAC","acinar"
"human3_lib2.final_cell_0474","GTTGCACG-CGGGCTTT","acinar"
"human3_lib2.final_cell_0475","GAACACTAAG-AAACAGGG","delta"
"human3_lib2.final_cell_0476","CATCGCAG-CTTCTGGA","ductal"
"human3_lib2.final_cell_0477","TAGCCTCG-AGCGTAGG","acinar"
"human3_lib2.final_cell_0478","TGAAACCCTTG-GTCGTCGT","alpha"
"human3_lib2.final_cell_0479","TGACAATACTT-AATCGGGT","alpha"
"human3_lib2.final_cell_0480","TGAGCGCATTC-AAGATTGT","alpha"
"human3_lib2.final_cell_0481","GACCACATTA-GAAAGACC","acinar"
"human3_lib2.final_cell_0482","TGAAAACTGGT-AAACCTCC","alpha"
"human3_lib2.final_cell_0483","AGGTCACAG-GACAGATA","alpha"
"human3_lib2.final_cell_0484","GACGGGCTTT-AGCGCGAT","alpha"
"human3_lib2.final_cell_0485","GACAATTAGT-ACCCACGA","alpha"
"human3_lib2.final_cell_0486","GAGGACTTCC-TTTGTGTC","acinar"
"human3_lib2.final_cell_0487","AGAAGTCC-GCGTTGCT","alpha"
"human3_lib2.final_cell_0488","GGGTTGGT-TCTGTGGT","alpha"
"human3_lib2.final_cell_0489","AGGCAACG-AAGCTTCT","alpha"
"human3_lib2.final_cell_0490","AGGGCCAAT-CAACAAAT","beta"
"human3_lib2.final_cell_0491","ATCCGCTA-ATTCCTTG","acinar"
"human3_lib2.final_cell_0492","TGACACAAGGC-CGTCAGCA","activated_stellate"
"human3_lib2.final_cell_0493","TCATATGG-GCTTTCCA","alpha"
"human3_lib2.final_cell_0494","TGATGATAACA-TGGAGGAG","quiescent_stellate"
"human3_lib2.final_cell_0495","GATTTAACAG-TTAAGCGT","alpha"
"human3_lib2.final_cell_0496","ATTTATCAC-GAACGATT","alpha"
"human3_lib2.final_cell_0497","TGACTGGTGCA-CGCCTTGA","acinar"
"human3_lib2.final_cell_0498","GGGTTGGT-GATTGCGA","alpha"
"human3_lib2.final_cell_0499","TGAGTACACTC-TCCGTCCA","beta"
"human3_lib2.final_cell_0500","GATGCCATCG-GCATGGGT","alpha"
"human3_lib2.final_cell_0501","ATCCGCTA-TTGGATCG","alpha"
"human3_lib2.final_cell_0502","GAACAGCGGA-TTTACCCT","ductal"
"human3_lib2.final_cell_0503","GATCCCAATC-CAGACCAT","alpha"
"human3_lib2.final_cell_0504","TGGCTACC-CGAACGTA","ductal"
"human3_lib2.final_cell_0505","TGACTGGTGCA-CCAGCAGT","alpha"
"human3_lib2.final_cell_0506","AAATCGGGT-GTTACCGC","acinar"
"human3_lib2.final_cell_0507","AGGTGACAC-AGAAGTCC","alpha"
"human3_lib2.final_cell_0508","TGAACTAGCCA-AGACACCA","beta"
"human3_lib2.final_cell_0509","AGCACCTCT-ATGCGGAT","alpha"
"human3_lib2.final_cell_0510","GAACACTAAG-ACCCACGA","alpha"
"human3_lib2.final_cell_0511","TGATATTGCCT-TGATAACA","beta"
"human3_lib2.final_cell_0512","GCAGCATG-CGGGCTTT","beta"
"human3_lib2.final_cell_0513","GACCCGAATG-ACTGAGTT","alpha"
"human3_lib2.final_cell_0514","GAGAGAATTG-TGTGTCCT","alpha"
"human3_lib2.final_cell_0515","AAAACTCGA-GGGAAGGT","alpha"
"human3_lib2.final_cell_0516","GAGGTCCCTT-CGAGATGT","ductal"
"human3_lib2.final_cell_0517","TGACTTCGCAC-CCAGCAGT","alpha"
"human3_lib2.final_cell_0518","AACTGAGTT-CCCTTGGT","alpha"
"human3_lib2.final_cell_0519","TGATGTCTTTC-ATTTCCGG","alpha"
"human3_lib2.final_cell_0520","GAGGGAGGTA-GACAGATA","alpha"
"human3_lib2.final_cell_0521","AATGTTTG-ATGGATTA","alpha"
"human3_lib2.final_cell_0522","TGACACAACAG-ACTGCCGT","alpha"
"human3_lib2.final_cell_0523","TGACTGGTGCA-CACTCCTC","beta"
"human3_lib2.final_cell_0524","GAATTCCTTG-AACAATCC","beta"
"human3_lib2.final_cell_0525","TGATTCACATA-CGACGTCA","alpha"
"human3_lib2.final_cell_0526","GATAACCATC-TCTAGCAG","ductal"
"human3_lib2.final_cell_0527","GTTACGAT-ACACTAAG","ductal"
"human3_lib2.final_cell_0528","CCGCTGTT-TTCGTTCC","ductal"
"human3_lib2.final_cell_0529","TGATATTGCCT-CGTACCTA","beta"
"human3_lib2.final_cell_0530","GATGAAATGA-TAACCATC","endothelial"
"human3_lib2.final_cell_0531","TGAGACAAAGG-AACAATCC","alpha"
"human3_lib2.final_cell_0532","TGACTACCGTT-TACCGGCA","beta"
"human3_lib2.final_cell_0533","TGAGACAACTT-CCCAAGCA","alpha"
"human3_lib2.final_cell_0534","TGAGTAATCCC-ATACCCAG","beta"
"human3_lib2.final_cell_0535","AGATGTATT-TTGATCTA","alpha"
"human3_lib2.final_cell_0536","AAAACGCCT-AGTGAAAG","alpha"
"human3_lib2.final_cell_0537","AGCACCAC-TAGCCTCG","alpha"
"human3_lib2.final_cell_0538","GAGAGCCCAT-ATACTCTT","ductal"
"human3_lib2.final_cell_0539","TGATCGACACC-CCGCTGTT","beta"
"human3_lib2.final_cell_0540","GCTCTAGT-CTAGACCC","activated_stellate"
"human3_lib2.final_cell_0541","TGAGCCACATC-AAAGCCTA","alpha"
"human3_lib2.final_cell_0542","CTTTAATC-TTGTCGCC","alpha"
"human3_lib2.final_cell_0543","AGCAAAGCC-AGGCAACG","alpha"
"human3_lib2.final_cell_0544","ATCAGCGC-GCCACATC","endothelial"
"human3_lib2.final_cell_0545","TGCGTATC-TCTGTGGT","alpha"
"human3_lib2.final_cell_0546","CTTCAGGT-CTGAGTGC","beta"
"human3_lib2.final_cell_0547","AGTTTACGT-GACAGATA","acinar"
"human3_lib2.final_cell_0548","GAAGTTTAGA-CACAGTTT","alpha"
"human3_lib2.final_cell_0549","AGGGTGTAT-TGGTTTCT","ductal"
"human3_lib2.final_cell_0550","TGACTCAGAAT-CACAACAG","alpha"
"human3_lib2.final_cell_0551","ACTGAGTGC-TCCGTCCA","alpha"
"human3_lib2.final_cell_0552","GATGTGAG-TCTGCATC","alpha"
"human3_lib2.final_cell_0553","GATGAAATGA-TGATGCCC","beta"
"human3_lib2.final_cell_0554","GAAGGAAGAC-TCCCAATC","alpha"
"human3_lib2.final_cell_0555","TGAGTAATCCC-GACAACTT","alpha"
"human3_lib2.final_cell_0556","ATATGCAT-AAATCGTT","alpha"
"human3_lib2.final_cell_0557","TGAGGTTTCTC-ATGTTGGC","alpha"
"human3_lib2.final_cell_0558","TGACTTGGTGT-CTACTTGT","quiescent_stellate"
"human3_lib2.final_cell_0559","ACCCACGA-CATCGCAG","alpha"
"human3_lib2.final_cell_0560","GGAAACAG-GACAGATA","alpha"
"human3_lib2.final_cell_0561","TGACTTCGCAC-GATGTATT","alpha"
"human3_lib2.final_cell_0562","TGAGCCACATC-GGGAACCT","beta"
"human3_lib2.final_cell_0563","TGAGGCTACTA-GCAACCTG","beta"
"human3_lib2.final_cell_0564","GACCTGACAC-AACAATCC","alpha"
"human3_lib2.final_cell_0565","GTTACGAT-ACTAGCCA","alpha"
"human3_lib2.final_cell_0566","TGAGGCGGTTT-CCCATCTG","beta"
"human3_lib2.final_cell_0567","GATAACCATC-TTTATCAC","alpha"
"human3_lib2.final_cell_0568","GAGAGCCCAT-TGGAGGAG","alpha"
"human3_lib2.final_cell_0569","GAGGTCCCTT-GCAGTCGA","acinar"
"human3_lib2.final_cell_0570","TGACGTAGAAG-ACTTCAAT","ductal"
"human3_lib2.final_cell_0571","ATGTGTCCT-TGCCTCAC","alpha"
"human3_lib2.final_cell_0572","GTTACGAT-GAATACGC","alpha"
"human3_lib2.final_cell_0573","TGATGTCTTTC-AATCGGGT","beta"
"human3_lib2.final_cell_0574","GAGGACTTCC-GAGTTCAC","beta"
"human3_lib2.final_cell_0575","GACTTACTCC-GATTGCGA","alpha"
"human3_lib2.final_cell_0576","AAAAGCCTA-TGAGGTCT","acinar"
"human3_lib2.final_cell_0577","TGCCTCAC-GCAAGGAC","alpha"
"human3_lib2.final_cell_0578","TTAAGCGT-TGTAAAGG","alpha"
"human3_lib2.final_cell_0579","GAATTCCTTG-TAGCCTCG","alpha"
"human3_lib2.final_cell_0580","CCCATCTG-GAATTCGT","macrophage"
"human3_lib2.final_cell_0581","CCCATCTG-GACAACTT","beta"
"human3_lib2.final_cell_0582","GATCCCAATC-CTTCTTCG","beta"
"human3_lib2.final_cell_0583","GTCTCTCT-AAATGTCG","alpha"
"human3_lib2.final_cell_0584","GACTGTCTGG-ATTGGGCC","alpha"
"human3_lib2.final_cell_0585","GATTCCGAGT-ACCACGCT","ductal"
"human3_lib2.final_cell_0586","AACTGAGTT-TGTTCCAG","acinar"
"human3_lib2.final_cell_0587","ACGGAATTT-GGGCCAAT","alpha"
"human3_lib2.final_cell_0588","TGACAACAAAT-TGGTATGA","alpha"
"human3_lib2.final_cell_0589","ATTGGATCG-TAGTGGAC","alpha"
"human3_lib2.final_cell_0590","ATGGCCTGT-TAAATAGG","alpha"
"human3_lib2.final_cell_0591","GACCCTTCAG-TTCGGCCT","alpha"
"human3_lib2.final_cell_0592","TGACTTGGTGT-TCGGTTTA","alpha"
"human3_lib2.final_cell_0593","TCCAGGGA-TCCAGTCC","activated_stellate"
"human3_lib2.final_cell_0594","CTTTCTTT-TTCCGAGT","beta"
"human3_lib2.final_cell_0595","TGAAACAATCC-CCAACCGT","alpha"
"human3_lib2.final_cell_0596","GATCTCACTT-CCAACCGT","gamma"
"human3_lib2.final_cell_0597","TCATATGG-TGGGATTC","alpha"
"human3_lib2.final_cell_0598","GTGTAACC-GTCCAAAG","alpha"
"human3_lib2.final_cell_0599","ATGGCCTGT-CTGCGTTG","ductal"
"human3_lib2.final_cell_0600","TGAGCAGGGTA-CTTTAATC","alpha"
"human3_lib2.final_cell_0601","ATGGCCTGT-GGGAACGA","alpha"
"human3_lib2.final_cell_0602","TGACAACAAAT-TTGGCGTT","alpha"
"human3_lib2.final_cell_0603","GATCGTTT-TTCACATA","alpha"
"human3_lib2.final_cell_0604","TGACTTCGCAC-GGCTACTA","alpha"
"human3_lib2.final_cell_0605","TGAGAGTTCAC-CGGAATTT","quiescent_stellate"
"human3_lib2.final_cell_0606","AGAACGATT-TCACGTTT","ductal"
"human3_lib2.final_cell_0607","TGATCCCGTAG-CGCTCTCA","ductal"
"human3_lib2.final_cell_0608","TGACGGGTAGT-CTCAGAAT","acinar"
"human3_lib2.final_cell_0609","CTTCAGGT-CCCGAATG","delta"
"human3_lib2.final_cell_0610","GAATTCCTTG-TTTGTGTC","alpha"
"human3_lib2.final_cell_0611","AACTTAGC-AGTGATGC","ductal"
"human3_lib2.final_cell_0612","ATAGTGGAC-GGGTTGGT","alpha"
"human3_lib2.final_cell_0613","AACCTGAC-AGGAGCTT","alpha"
"human3_lib2.final_cell_0614","CGAACGTA-GTCCGTAC","acinar"
"human3_lib2.final_cell_0615","TGACGAGTCTG-ACGGTAGC","delta"
"human3_lib2.final_cell_0616","TGAATTCGACG-ACTAGGAT","acinar"
"human3_lib2.final_cell_0617","GACCACATTA-TACCAGGC","alpha"
"human3_lib2.final_cell_0618","TGCAAGGG-AGTGATGC","alpha"
"human3_lib2.final_cell_0619","GACGACTCCT-GGATAAAG","alpha"
"human3_lib2.final_cell_0620","CTTACGGG-TCCAGTCC","acinar"
"human3_lib2.final_cell_0621","GATGGAGGAG-TAGTCGCA","activated_stellate"
"human3_lib2.final_cell_0622","GTTTGTTT-AGCGTAGG","beta"
"human3_lib2.final_cell_0623","AAGTGAAAG-AAATCGTT","acinar"
"human3_lib2.final_cell_0624","GCATGGGT-TTGATCTA","beta"
"human3_lib2.final_cell_0625","GAAGGCAGTT-GCAGTCGA","alpha"
"human3_lib2.final_cell_0626","GGAAACAG-ATGACTTT","acinar"
"human3_lib2.final_cell_0627","TGAGAGGCTGA-AGAAGTTA","beta"
"human3_lib2.final_cell_0628","GATGGTTTCT-CAGTTTGC","alpha"
"human3_lib2.final_cell_0629","GACCTATTCA-GATTTACC","alpha"
"human3_lib2.final_cell_0630","TGAGCGCATTC-TAACCATC","ductal"
"human3_lib2.final_cell_0631","ACGGAATTT-ATTCAGTA","alpha"
"human3_lib2.final_cell_0632","CCCAAGCA-GATTTACC","ductal"
"human3_lib2.final_cell_0633","GATTTAACAG-TGTACACG","alpha"
"human3_lib2.final_cell_0634","GGCATGCT-CTCGCGTA","alpha"
"human3_lib2.final_cell_0635","GACGTACCTA-ATATGCAT","alpha"
"human3_lib2.final_cell_0636","GATTGATCTA-CCATTACT","acinar"
"human3_lib2.final_cell_0637","AGGTTAGTG-TAGTCGCA","ductal"
"human3_lib2.final_cell_0638","GATCCCAATC-CGACGTCA","acinar"
"human3_lib2.final_cell_0639","GATCTGTGGT-GTCATATT","alpha"
"human3_lib2.final_cell_0640","AGGCAACG-GCTTTGGC","delta"
"human3_lib2.final_cell_0641","GATCTCACTT-ACGCTCAG","alpha"
"human3_lib2.final_cell_0642","GATGAGGTCT-TGGCTACC","alpha"
"human3_lib2.final_cell_0643","GGCCCTTA-ATGACCGA","acinar"
"human3_lib2.final_cell_0644","TTCCGCTC-CACGGACT","beta"
"human3_lib2.final_cell_0645","GAAAGCGTAC-CTACTTGT","alpha"
"human3_lib2.final_cell_0646","TGACAACAAAT-AAATGTCG","acinar"
"human3_lib2.final_cell_0647","GACGAATAAT-GGGAAATC","endothelial"
"human3_lib2.final_cell_0648","GAATTCCTTG-AGGATTCA","beta"
"human3_lib2.final_cell_0649","CGGCACAT-AATGAATG","alpha"
"human3_lib2.final_cell_0650","AGAAGTGCC-AATGACCC","activated_stellate"
"human3_lib2.final_cell_0651","CCCATCTG-ATCAGCGC","activated_stellate"
"human3_lib2.final_cell_0652","GACCACATTA-TCCCAATC","acinar"
"human3_lib2.final_cell_0653","TGACATACATT-TTGGATCG","alpha"
"human3_lib2.final_cell_0654","GCTTTGGC-CGCTCTCA","alpha"
"human3_lib2.final_cell_0655","GATACAAACT-AACCCTTG","alpha"
"human3_lib2.final_cell_0656","GACCTATTCA-CGCTAATA","alpha"
"human3_lib2.final_cell_0657","AATACTCTT-ACCCACGA","ductal"
"human3_lib2.final_cell_0658","ACGCTCTCA-TCACGTTT","alpha"
"human3_lib2.final_cell_0659","GACCCGAATG-GATTGCGA","endothelial"
"human3_lib2.final_cell_0660","TGAGCCACATC-GGCATGCT","activated_stellate"
"human3_lib2.final_cell_0661","TGATAACCCGT-GTTACCGC","alpha"
"human3_lib2.final_cell_0662","GATTTAACAG-CTTAGGTA","alpha"
"human3_lib2.final_cell_0663","GAGGTCCCTT-TACGTGCT","beta"
"human3_lib2.final_cell_0664","TGACACAACAG-TCCCTGAT","alpha"
"human3_lib2.final_cell_0665","ATCGGTTCG-ACCCATAT","beta"
"human3_lib2.final_cell_0666","TGATGTTTGAG-GCTTTGGC","alpha"
"human3_lib2.final_cell_0667","AAGCGCCTT-TGCCATCG","beta"
"human3_lib2.final_cell_0668","ATCCGCTA-ACTAGCCA","quiescent_stellate"
"human3_lib2.final_cell_0669","TGAAACCCTTG-CGGCTTAC","alpha"
"human3_lib2.final_cell_0670","TTGCATAT-CGGACAAC","ductal"
"human3_lib2.final_cell_0671","ACGTGGATA-ATGCGGAT","acinar"
"human3_lib2.final_cell_0672","GACCCATAGC-AGCTATGA","beta"
"human3_lib2.final_cell_0673","ACAGGTGTC-AGTGAAAG","mast"
"human3_lib2.final_cell_0674","GAACTGCCGT-CCGCTGTT","acinar"
"human3_lib2.final_cell_0675","ATTCCAGAC-TAGTCTAG","acinar"
"human3_lib2.final_cell_0676","AGGGCCAAT-GGGAACCT","beta"
"human3_lib2.final_cell_0677","GTTTGTTT-TGCTATTT","beta"
"human3_lib2.final_cell_0678","GAGGTCCCTT-CTCGATGC","beta"
"human3_lib2.final_cell_0679","ATTTGGGAG-TCATCCTT","alpha"
"human3_lib2.final_cell_0680","ATCACGTTT-CCCATCTG","alpha"
"human3_lib2.final_cell_0681","ATTTATCAC-ATGACCGA","activated_stellate"
"human3_lib2.final_cell_0682","TAGCTTAT-AGGCAGTT","alpha"
"human3_lib2.final_cell_0683","AAAACCTCC-AACACACG","alpha"
"human3_lib2.final_cell_0684","AACCTGAC-ATGGAAAT","acinar"
"human3_lib2.final_cell_0685","GATGAGGTCT-TACAGCCG","acinar"
"human3_lib2.final_cell_0686","TGACAAGTCAT-CGACGTCA","ductal"
"human3_lib2.final_cell_0687","CGGCTTAC-GGGCCAAT","beta"
"human3_lib2.final_cell_0688","CTTCAGGT-CAACAAAT","alpha"
"human3_lib2.final_cell_0689","ATTCCAGAC-AGTTTAGA","acinar"
"human3_lib2.final_cell_0690","GAGTTAACCA-CTACGAGC","ductal"
"human3_lib2.final_cell_0691","TGACACAAGGC-AGCGCGAT","beta"
"human3_lib2.final_cell_0692","GACTTACTCC-AAACTCGA","alpha"
"human3_lib2.final_cell_0693","GATGGTTTCT-GTCTCTCT","ductal"
"human3_lib2.final_cell_0694","TGACTTGGTGT-ACATCTAT","alpha"
"human3_lib2.final_cell_0695","TTCCGCTC-AGACACCA","ductal"
"human3_lib2.final_cell_0696","TAACTACT-TTGATTCT","alpha"
"human3_lib2.final_cell_0697","AGCACCAC-TGCGTATC","activated_stellate"
"human3_lib2.final_cell_0698","AAAATCGTT-CTAGACCC","ductal"
"human3_lib2.final_cell_0699","GCTTTGGC-GCAAAGCC","beta"
"human3_lib2.final_cell_0700","GAACACTAAG-CCGCTGTT","alpha"
"human3_lib2.final_cell_0701","GAGAATTCGT-TCCCGTAG","quiescent_stellate"
"human3_lib2.final_cell_0702","GTTGCACG-GCAAAGCC","delta"
"human3_lib2.final_cell_0703","TGAGTAATCCC-CGAGTCTG","beta"
"human3_lib2.final_cell_0704","TGCGTATC-ATGGGCAC","alpha"
"human3_lib2.final_cell_0705","GAACTGCCGT-CCTGTTAT","ductal"
"human3_lib2.final_cell_0706","ACGGACAAC-AATGACCC","alpha"
"human3_lib2.final_cell_0707","GACCTGACAC-CGTGCTAG","alpha"
"human3_lib2.final_cell_0708","GTACCTTG-ATGACCGA","beta"
"human3_lib2.final_cell_0709","TGACTAGTAAC-ACCCACGA","alpha"
"human3_lib2.final_cell_0710","GAATGGAAAT-TCTGCATC","acinar"
"human3_lib2.final_cell_0711","ATCTGCATC-TGAAATGA","alpha"
"human3_lib2.final_cell_0712","TGAGAAGCACT-GAGCGGTA","quiescent_stellate"
"human3_lib2.final_cell_0713","GATGAAATGA-ATGACTTT","ductal"
"human3_lib2.final_cell_0714","TTATCTGT-GGCCCTTA","alpha"
"human3_lib2.final_cell_0715","ATAGTGGAC-CAATACTT","ductal"
"human3_lib2.final_cell_0716","TGAATATAGGA-TATTGCCT","activated_stellate"
"human3_lib2.final_cell_0717","GACCCTTCAG-ATTCGACG","alpha"
"human3_lib2.final_cell_0718","TGCCTCAC-CCGTGTTT","beta"
"human3_lib2.final_cell_0719","TGATGCCC-CTACGAGC","alpha"
"human3_lib2.final_cell_0720","TGACTCGATGC-CCAACCGT","acinar"
"human3_lib2.final_cell_0721","AACTCACCG-GGAAACAG","acinar"
"human3_lib2.final_cell_0722","AAGCTTCT-ATATCTTC","alpha"
"human3_lib2.final_cell_0723","ATGCTCCGT-AAGCGTAC","alpha"
"human3_lib2.final_cell_0724","GTCTCTCT-CATACATT","alpha"
"human3_lib2.final_cell_0725","TGAGACAACTT-CAATACTT","ductal"
"human3_lib2.final_cell_0726","ATCTGCATC-TGCGTATC","beta"
"human3_lib2.final_cell_0727","GACATTTGTT-CCATTTGA","alpha"
"human3_lib2.final_cell_0728","GACCTACTAG-GGTGACAC","acinar"
"human3_lib2.final_cell_0729","GTTGCACG-TGATAACA","activated_stellate"
"human3_lib2.final_cell_0730","ACCCTTGGT-CAATTAGT","alpha"
"human3_lib2.final_cell_0731","TGCCTCAC-TCTGCATC","beta"
"human3_lib2.final_cell_0732","TGAGGTTTCTC-GTCCAAAG","alpha"
"human3_lib2.final_cell_0733","GACCTATTCA-TAGTCGCA","beta"
"human3_lib2.final_cell_0734","AGCCAAGAT-TAGCCTCG","beta"
"human3_lib2.final_cell_0735","TGAAACCCTTG-TCGACACC","beta"
"human3_lib2.final_cell_0736","GACCTACTAG-AGCTATGA","alpha"
"human3_lib2.final_cell_0737","TGAAGAAGTTA-CCCGACTT","macrophage"
"human3_lib2.final_cell_0738","TTCGGCCT-TTGAGGGT","ductal"
"human3_lib2.final_cell_0739","ACCGCAACT-TACCGGCA","alpha"
"human3_lib2.final_cell_0740","GACATCTCCC-CATACATT","beta"
"human3_lib2.final_cell_0741","GATCTCAACC-GTCCATGT","alpha"
"human3_lib2.final_cell_0742","AAGCTATGA-CTTTAATC","beta"
"human3_lib2.final_cell_0743","TCCTTATT-TTGCATAT","ductal"
"human3_lib2.final_cell_0744","AGTGTCGGA-GTACACTC","alpha"
"human3_lib2.final_cell_0745","GAGTTTCG-CAGGTGTC","alpha"
"human3_lib2.final_cell_0746","AGGGAAGGT-CGCTAATA","alpha"
"human3_lib2.final_cell_0747","TTCCGCTC-CCGCAACT","alpha"
"human3_lib2.final_cell_0748","GAGAAGGCTT-ATTGGGCC","alpha"
"human3_lib2.final_cell_0749","GAGAAGGCTT-AGTTTAGA","beta"
"human3_lib2.final_cell_0750","TGACCAGT-TTTAACAG","alpha"
"human3_lib2.final_cell_0751","ACCTTCTT-AGAAGTTA","beta"
"human3_lib2.final_cell_0752","GATACAAACT-TTAAGCGT","ductal"
"human3_lib2.final_cell_0753","GTCTCTCT-AAGCTTCT","ductal"
"human3_lib2.final_cell_0754","GAGTTTCG-ATGGATTA","ductal"
"human3_lib2.final_cell_0755","GGCCCTTA-AGTTTAGA","alpha"
"human3_lib2.final_cell_0756","GATCTGTGGT-GTCGTCGT","ductal"
"human3_lib2.final_cell_0757","GTTTGTTT-CGCTAGTC","activated_stellate"
"human3_lib2.final_cell_0758","GACCTATTCA-TCTGCATC","alpha"
"human3_lib2.final_cell_0759","AGAACGATT-GGTGACAC","beta"
"human3_lib2.final_cell_0760","AACGAAACG-TGTCTTTC","activated_stellate"
"human3_lib2.final_cell_0761","ACCTTGCC-CTCTTGAC","alpha"
"human3_lib2.final_cell_0762","TGCAAGGG-CCCTTGGT","acinar"
"human3_lib2.final_cell_0763","TGATCGACACC-CCTGACAC","acinar"
"human3_lib2.final_cell_0764","TGACTGGTGCA-GCAAAGCC","alpha"
"human3_lib2.final_cell_0765","GATTCCGAGT-CTCGATGC","delta"
"human3_lib2.final_cell_0766","GATGACGGAC-ACCCACGA","endothelial"
"human3_lib2.final_cell_0767","TGAGTACACTC-CTAGACCC","quiescent_stellate"
"human3_lib2.final_cell_0768","GATGGTTTCT-TGGTTTCT","beta"
"human3_lib2.final_cell_0769","AGCCAAGAT-GCAAGGAC","beta"
"human3_lib2.final_cell_0770","TGATATTGCCT-AGCGCCTT","alpha"
"human3_lib2.final_cell_0771","GCTTACCT-ATGGATTA","activated_stellate"
"human3_lib2.final_cell_0772","GATAACCATC-AAACTGGT","alpha"
"human3_lib2.final_cell_0773","TGATGTCTTTC-AGTGATGC","beta"
"human3_lib2.final_cell_0774","ACTCCGCAT-TTCGGCCT","acinar"
"human3_lib2.final_cell_0775","ATCACGTTT-ATATAGGA","alpha"
"human3_lib2.final_cell_0776","ACACTCCTC-ATACCCAG","delta"
"human3_lib2.final_cell_0777","TTCCGCTC-ATATCTTC","acinar"
"human3_lib2.final_cell_0778","TGACACAGTTT-CAATTAGT","quiescent_stellate"
"human3_lib2.final_cell_0779","GAACACTAAG-CGAATAAT","beta"
"human3_lib2.final_cell_0780","AGCCTCTTT-CCCGACTT","alpha"
"human3_lib2.final_cell_0781","TGCCTCAC-GTTCAACT","alpha"
"human3_lib2.final_cell_0782","AAGCTACGG-GGCCTAAG","ductal"
"human3_lib2.final_cell_0783","GACTTACTCC-GTATGAGT","alpha"
"human3_lib2.final_cell_0784","CGGCTTAC-CTCCGCAT","alpha"
"human3_lib2.final_cell_0785","GATGTTCCAG-GGCGTTAG","alpha"
"human3_lib2.final_cell_0786","GGGTTGGT-TGCCATCG","alpha"
"human3_lib2.final_cell_0787","TCATCCTT-ATGACCGA","alpha"
"human3_lib2.final_cell_0788","GTTTGTTT-TGCGTATC","gamma"
"human3_lib2.final_cell_0789","GTCTCTCT-TTGCACGC","alpha"
"human3_lib2.final_cell_0790","GATTTAACAG-AATGACCC","beta"
"human3_lib2.final_cell_0791","ACCCTTGGT-CAGTCCCT","beta"
"human3_lib2.final_cell_0792","TAACTACT-CATCTCCC","delta"
"human3_lib2.final_cell_0793","GATTCCGAGT-ACAGCGGA","alpha"
"human3_lib2.final_cell_0794","AGGGCCAAT-CCACATTA","activated_stellate"
"human3_lib2.final_cell_0795","GAGAAAGACC-CATACATT","alpha"
"human3_lib2.final_cell_0796","ACTCCGCAT-AACCTGAC","quiescent_stellate"
"human3_lib2.final_cell_0797","TTATCTGT-GAGGCTGA","beta"
"human3_lib2.final_cell_0798","GACGTCAGCA-GGCCTAAG","mast"
"human3_lib2.final_cell_0799","GCTCTAGT-TTTGGGAG","alpha"
"human3_lib2.final_cell_0800","GACCACATTA-TACTTGTG","acinar"
"human3_lib2.final_cell_0801","GAAAGCGTAC-ATTTCCGG","alpha"
"human3_lib2.final_cell_0802","TGACCATTACT-TCGGTTTA","alpha"
"human3_lib2.final_cell_0803","ATCTGCATC-TGTAGTTT","endothelial"
"human3_lib2.final_cell_0804","TGAAACCCTTG-TCTCACTT","beta"
"human3_lib2.final_cell_0805","AGCCTCTTT-TGATAACA","macrophage"
"human3_lib2.final_cell_0806","TGCAAGGG-CACTCCTC","ductal"
"human3_lib2.final_cell_0807","AGCACCTCT-TGATAACA","beta"
"human3_lib2.final_cell_0808","TGACTCGCGTA-GTACACTC","beta"
"human3_lib2.final_cell_0809","AAGAACGGG-ACCTTGCC","beta"
"human3_lib2.final_cell_0810","TGATCACCGAG-ACGCTCAG","alpha"
"human3_lib2.final_cell_0811","ACAACGTGG-GCCACATC","beta"
"human3_lib2.final_cell_0812","GCTTTGGC-TTGAGGGT","alpha"
"human3_lib2.final_cell_0813","CCCAAGCA-ATGCATGG","mast"
"human3_lib2.final_cell_0814","AAAACGCCT-TACAGCCG","alpha"
"human3_lib2.final_cell_0815","AAGCGCCTT-ACCCATAT","alpha"
"human3_lib2.final_cell_0816","GATGGTTTCT-AGCAGAAC","beta"
"human3_lib2.final_cell_0817","GAGTTGTCAT-CTTACGGG","endothelial"
"human3_lib2.final_cell_0818","GAGAATACGC-ATATCTTC","acinar"
"human3_lib2.final_cell_0819","ACCTTGCC-TTTATCAC","endothelial"
"human3_lib2.final_cell_0820","TGGCTACC-AGGAGCTT","beta"
"human3_lib2.final_cell_0821","AAGCTATGA-TTCGGCCT","beta"
"human3_lib2.final_cell_0822","GAGAGCCCAT-TTAAGCGT","alpha"
"human3_lib2.final_cell_0823","ATCTGCATC-TGGTTTCT","quiescent_stellate"
"human3_lib2.final_cell_0824","TGACCTGTTAT-CGGACAAC","ductal"
"human3_lib2.final_cell_0825","GACACGGACT-CTGGTGCA","ductal"
"human3_lib2.final_cell_0826","GATTGGCGTT-AGAGGTGG","beta"
"human3_lib2.final_cell_0827","AAGCTTCT-GCAACCTG","beta"
"human3_lib2.final_cell_0828","TAACTACT-AGCAGAAC","alpha"
"human3_lib2.final_cell_0829","GACATCTCCC-CAGATTAC","beta"
"human3_lib2.final_cell_0830","GAGATCTCGG-TCCAGTCC","beta"
"human3_lib2.final_cell_0831","GATGTAGTTT-CAGACCAT","beta"
"human3_lib2.final_cell_0832","GAGCGGTA-CCCTAACC","quiescent_stellate"
"human3_lib2.final_cell_0833","ATCTAGCAG-GTTGTCAT","quiescent_stellate"
"human3_lib2.final_cell_0834","GAGGCGTTAG-AAACCTCC","beta"
"human3_lib2.final_cell_0835","GGGTTGGT-TTAGGACC","alpha"
"human3_lib2.final_cell_0836","ACTTAGGTA-CTTACTCC","delta"
"human3_lib2.final_cell_0837","GATAACCATC-GAATACGC","alpha"
"human3_lib2.final_cell_0838","GAACTGCCGT-TGTAAAGG","ductal"
"human3_lib2.final_cell_0839","ACCGCAACT-TGTGCTCA","acinar"
"human3_lib2.final_cell_0840","ACCCTAACC-GAATACGC","alpha"
"human3_lib2.final_cell_0841","TTCCGCTC-AAACTCGA","alpha"
"human3_lib2.final_cell_0842","GTTTGTTT-ATTCAGTA","alpha"
"human3_lib2.final_cell_0843","TGAGATTTACC-TACTTGTG","quiescent_stellate"
"human3_lib2.final_cell_0844","GATAGTGTTT-CATACATT","alpha"
"human3_lib2.final_cell_0845","ACCCTAACC-TGTACACG","beta"
"human3_lib2.final_cell_0846","TGATCCCGTAG-TGTCTTTC","endothelial"
"human3_lib2.final_cell_0847","GAAGTGATGC-CAGACCAT","activated_stellate"
"human3_lib2.final_cell_0848","AGGGTGTAT-GACGATGG","alpha"
"human3_lib2.final_cell_0849","ACGGAATTT-TGATGCCC","alpha"
"human3_lib2.final_cell_0850","TGAAACCCTTG-ATGACCGA","beta"
"human3_lib2.final_cell_0851","GTTTGTTT-GATGTATT","alpha"
"human3_lib2.final_cell_0852","ATTCGTTCC-GTATGAGT","beta"
"human3_lib2.final_cell_0853","TGATTGTTTAC-CAACAAAT","beta"
"human3_lib2.final_cell_0854","TGACCAGT-TCCCGTAG","alpha"
"human3_lib2.final_cell_0855","CCGCTGTT-GAATTCGT","ductal"
"human3_lib2.final_cell_0856","GTGTAACC-CGGACAAC","endothelial"
"human3_lib2.final_cell_0857","GATGTGCTCA-TACCGGCA","endothelial"
"human3_lib2.final_cell_0858","TGAGTTCTGTT-AGACACCA","endothelial"
"human3_lib2.final_cell_0859","GCTTTGGC-CTTAGGTA","beta"
"human3_lib2.final_cell_0860","GACGATTGAT-ATTTCCGG","beta"
"human3_lib2.final_cell_0861","GATGTTCCAG-ACTGAGTT","quiescent_stellate"
"human3_lib2.final_cell_0862","TGACCTGTTAT-TCTAGCAG","beta"
"human3_lib2.final_cell_0863","GAGCGGTA-CGCCTTGA","beta"
"human3_lib2.final_cell_0864","GAACTGCCGT-CTTCGCAC","beta"
"human3_lib2.final_cell_0865","ACGTGCTAG-CGTCAGCA","beta"
"human3_lib2.final_cell_0866","GAATGGGCAC-TGAGGTCT","ductal"
"human3_lib2.final_cell_0867","CCGCTGTT-AATGAATG","beta"
"human3_lib2.final_cell_0868","TCATCCTT-TGACCAGT","ductal"
"human3_lib2.final_cell_0869","TGAAGGTTGTG-GTCCGTAC","endothelial"
"human3_lib2.final_cell_0870","AGTGGATGG-TTCCGAGT","endothelial"
"human3_lib2.final_cell_0871","CAGTTTGC-TAACTACT","alpha"
"human3_lib2.final_cell_0872","GACGCTAGTC-GCTTTCCA","beta"
"human3_lib2.final_cell_0873","GATGTTCCAG-CTGTCTGG","activated_stellate"
"human3_lib2.final_cell_0874","GAGAAGGCTT-CAGTTTGC","beta"
"human3_lib2.final_cell_0875","GACCTGACAC-AAGGTAAT","alpha"
"human3_lib3.final_cell_0001","TGAAGCGCGAT-CAGGTGTC","acinar"
"human3_lib3.final_cell_0002","GATGACGGAC-AATGTTTG","acinar"
"human3_lib3.final_cell_0003","TGAATATAGGA-GGAGAAGC","acinar"
"human3_lib3.final_cell_0004","GAGGACTTCC-CAGATTAC","acinar"
"human3_lib3.final_cell_0005","ACCGTGTTT-CTCCGCAT","acinar"
"human3_lib3.final_cell_0006","GTGTAACC-ACTGAGTT","acinar"
"human3_lib3.final_cell_0007","TGATCGTCATG-ATACCCAG","acinar"
"human3_lib3.final_cell_0008","AGTGTCGGA-GACAGATA","acinar"
"human3_lib3.final_cell_0009","TGAGACAAAGG-GCAAAGCC","acinar"
"human3_lib3.final_cell_0010","AGTGTCGGA-TGACCCTC","acinar"
"human3_lib3.final_cell_0011","GAGTTAACCA-AGCGCGAT","acinar"
"human3_lib3.final_cell_0012","GACGTACCTA-CAGATTAC","acinar"
"human3_lib3.final_cell_0013","AGCAACCTG-CTATAGAG","acinar"
"human3_lib3.final_cell_0014","ACAGGTGTC-AGGATTCA","acinar"
"human3_lib3.final_cell_0015","TGAGAGTTCAC-GGCCCTTA","acinar"
"human3_lib3.final_cell_0016","TAGCCTCG-ATACCCAG","acinar"
"human3_lib3.final_cell_0017","TGACATACATT-AGCTACGG","acinar"
"human3_lib3.final_cell_0018","AGATGTATT-CTTACGGG","acinar"
"human3_lib3.final_cell_0019","ACCCACGA-GATTGCGA","acinar"
"human3_lib3.final_cell_0020","TGAAGCGCGAT-TATTGCCT","acinar"
"human3_lib3.final_cell_0021","TGAGCAAGGAC-TTGATCTA","acinar"
"human3_lib3.final_cell_0022","ACGTGGATA-CGTCAGCA","acinar"
"human3_lib3.final_cell_0023","CTATAGAG-GCTTTCCA","acinar"
"human3_lib3.final_cell_0024","TGACTTCTGGA-CCCTTGGT","acinar"
"human3_lib3.final_cell_0025","TACAGCCG-TTGATTCT","acinar"
"human3_lib3.final_cell_0026","CTTCGATT-GGTCCCTT","acinar"
"human3_lib3.final_cell_0027","TGACTACCGTT-GGTTTCTC","acinar"
"human3_lib3.final_cell_0028","AGATGTATT-GCCACATC","acinar"
"human3_lib3.final_cell_0029","ATCTAGCAG-TGCCATCG","acinar"
"human3_lib3.final_cell_0030","GGATAAAG-ATATAGGA","acinar"
"human3_lib3.final_cell_0031","GAGCGTTGCT-TCGGTTTA","acinar"
"human3_lib3.final_cell_0032","GATAAGACGG-GGCGGTTT","alpha"
"human3_lib3.final_cell_0033","GAAAGATTGT-CGAACGTA","acinar"
"human3_lib3.final_cell_0034","ACGGAATTT-GCCAAGAT","delta"
"human3_lib3.final_cell_0035","ATAGTGGAC-GGGAAGGT","acinar"
"human3_lib3.final_cell_0036","GATGCCATCG-TTCGGCCT","acinar"
"human3_lib3.final_cell_0037","TGACGTAGAAG-CGCTAGTC","acinar"
"human3_lib3.final_cell_0038","ATCTAGCAG-AACTTAGC","acinar"
"human3_lib3.final_cell_0039","TGAATTCGACG-GTATGAGT","acinar"
"human3_lib3.final_cell_0040","TGAGACAAAGG-TCTCAACC","acinar"
"human3_lib3.final_cell_0041","AAGAACGGG-CTGTCTGG","acinar"
"human3_lib3.final_cell_0042","AATTCAGTA-AGACACCA","acinar"
"human3_lib3.final_cell_0043","TGAGCAAGGAC-ACGGTAGC","acinar"
"human3_lib3.final_cell_0044","AAGCTATGA-GCAAAGCC","acinar"
"human3_lib3.final_cell_0045","GATTGATCTA-GGGCCAAT","acinar"
"human3_lib3.final_cell_0046","ACCCACGA-TGCCTCAC","acinar"
"human3_lib3.final_cell_0047","ATCCGCTA-TGTGCTCA","acinar"
"human3_lib3.final_cell_0048","GAGACGATGG-AACAATCC","acinar"
"human3_lib3.final_cell_0049","AATGTTGGC-AGCACCAC","acinar"
"human3_lib3.final_cell_0050","GATTGGCGTT-GTACACTC","acinar"
"human3_lib3.final_cell_0051","ACACTCCTC-CTACTTGT","acinar"
"human3_lib3.final_cell_0052","TGGCTACC-CGGGTAGT","beta"
"human3_lib3.final_cell_0053","AGCCAAGAT-ATGGAAAT","acinar"
"human3_lib3.final_cell_0054","AACGGTAGC-CAGGTGTC","beta"
"human3_lib3.final_cell_0055","GGAAACAG-TGTAAAGG","acinar"
"human3_lib3.final_cell_0056","AAGACACCA-CAACAAAT","acinar"
"human3_lib3.final_cell_0057","TGATTGCACGC-CTTCGCAC","acinar"
"human3_lib3.final_cell_0058","GATACCAGGC-GACAACTT","acinar"
"human3_lib3.final_cell_0059","TTAAGCGT-AATGAATG","acinar"
"human3_lib3.final_cell_0060","ACTAGATTG-TGATAACA","acinar"
"human3_lib3.final_cell_0061","TGAAAACAGGG-GCAGTCGA","acinar"
"human3_lib3.final_cell_0062","GATGGAGGAG-TGCCATCG","acinar"
"human3_lib3.final_cell_0063","GATCGTTT-AGCTACGG","acinar"
"human3_lib3.final_cell_0064","AATTCCCA-TTGGATCG","acinar"
"human3_lib3.final_cell_0065","AGGTGACAC-CGGGTAGT","acinar"
"human3_lib3.final_cell_0066","ACCTTGCC-AAGGTAAT","acinar"
"human3_lib3.final_cell_0067","AATACTCTT-CGATTGAT","acinar"
"human3_lib3.final_cell_0068","TGAATGAAGCA-CTTCTTCG","acinar"
"human3_lib3.final_cell_0069","GACCTACTAG-AGCGTAGG","acinar"
"human3_lib3.final_cell_0070","GAAGGCAGTT-TTGGATCG","acinar"
"human3_lib3.final_cell_0071","GACTCTTGAC-CAACAAAT","acinar"
"human3_lib3.final_cell_0072","TGAAGCGCGAT-AGATGGCT","acinar"
"human3_lib3.final_cell_0073","TGAATGCATGG-CTTACGGG","acinar"
"human3_lib3.final_cell_0074","ATCTGCATC-GTCAAAGA","acinar"
"human3_lib3.final_cell_0075","ACTACTTGT-TGGCCTGT","acinar"
"human3_lib3.final_cell_0076","TTAAGCGT-TAACCATC","acinar"
"human3_lib3.final_cell_0077","ACGGACAAC-CCCGAATG","acinar"
"human3_lib3.final_cell_0078","AATGGATTA-TCCCGTAG","acinar"
"human3_lib3.final_cell_0079","AATTCAGTA-CATCTCCC","acinar"
"human3_lib3.final_cell_0080","GATTAGAC-GTCATATT","acinar"
"human3_lib3.final_cell_0081","AGCAACCTG-GAGCGGTA","acinar"
"human3_lib3.final_cell_0082","AAATGAATG-CTTACTCC","acinar"
"human3_lib3.final_cell_0083","TGACAACAAAT-CTCGCGTA","ductal"
"human3_lib3.final_cell_0084","AGTATGAGT-CGTGCTAG","acinar"
"human3_lib3.final_cell_0085","TGAAACCCTTG-AAGCTTCT","acinar"
"human3_lib3.final_cell_0086","GATCGGTACG-CCTGACAC","beta"
"human3_lib3.final_cell_0087","AATGTTTG-TGTGTCCT","beta"
"human3_lib3.final_cell_0088","CTATAGAG-TGTGCTCA","acinar"
"human3_lib3.final_cell_0089","ACGTGGATA-CTGAGTGC","acinar"
"human3_lib3.final_cell_0090","TGAATGAAGCA-ACGCCATT","acinar"
"human3_lib3.final_cell_0091","TGAGGCTACTA-CCCTTGGT","delta"
"human3_lib3.final_cell_0092","ACGTGCTAG-GGCTACTA","acinar"
"human3_lib3.final_cell_0093","AACGAAACG-TCGGTTTA","beta"
"human3_lib3.final_cell_0094","GAATGGGCAC-AATTCCCA","acinar"
"human3_lib3.final_cell_0095","TGACACTTTCT-AGGATTCA","acinar"
"human3_lib3.final_cell_0096","AAGATGGCT-TAAATAGG","acinar"
"human3_lib3.final_cell_0097","GAAAGATTGT-CGCCTTGA","alpha"
"human3_lib3.final_cell_0098","AGGGAACGA-GGGCCAAT","acinar"
"human3_lib3.final_cell_0099","AAGCGCCTT-CGTAGAAG","acinar"
"human3_lib3.final_cell_0100","TGATATTGCCT-CTAGTAAC","acinar"
"human3_lib3.final_cell_0101","TGACTGTTCTT-TTGTTTAC","acinar"
"human3_lib3.final_cell_0102","ACCGTGTTT-ATGACCGA","delta"
"human3_lib3.final_cell_0103","ACTGAGTGC-ATTCAGTA","acinar"
"human3_lib3.final_cell_0104","AATTCCCA-AAACTGGT","alpha"
"human3_lib3.final_cell_0105","GAACTAGGAT-AATGAATG","beta"
"human3_lib3.final_cell_0106","TGAAAACAGGG-GTAATCCC","acinar"
"human3_lib3.final_cell_0107","AACTGAGTT-TTAGTCCG","beta"
"human3_lib3.final_cell_0108","AAATCGGGT-AGTGATGC","beta"
"human3_lib3.final_cell_0109","TGAGCCGGATT-ATGACTTT","acinar"
"human3_lib3.final_cell_0110","TGAAGGAGCTT-TCCCAATC","ductal"
"human3_lib3.final_cell_0111","TGAGACAACTT-AACACACG","acinar"
"human3_lib3.final_cell_0112","GGATAAAG-ACTGAGTT","beta"
"human3_lib3.final_cell_0113","ACCGTGTTT-TCCCTGAT","acinar"
"human3_lib3.final_cell_0114","AACGCAGAG-AGCGAAGT","alpha"
"human3_lib3.final_cell_0115","AATGCGGAT-AGAAGTCC","alpha"
"human3_lib3.final_cell_0116","AATTCAGTA-TTGTGACT","alpha"
"human3_lib3.final_cell_0117","AGTGTCGGA-TGTCTTTC","activated_stellate"
"human3_lib3.final_cell_0118","ATCAGCGC-GGGAGGTA","acinar"
"human3_lib3.final_cell_0119","GTTTGTTT-TCATGAGG","acinar"
"human3_lib3.final_cell_0120","TGAAACCCTTG-GTGGAGCT","acinar"
"human3_lib3.final_cell_0121","AGGTCACAG-ATGACCGA","beta"
"human3_lib3.final_cell_0122","TGAGTTCTGTT-CTTTAATC","acinar"
"human3_lib3.final_cell_0123","GACTGTCTGG-TGAGGTCT","acinar"
"human3_lib3.final_cell_0124","GAATTGGGCC-CGAACGTA","beta"
"human3_lib3.final_cell_0125","ATAGTCGCA-TCATATGG","alpha"
"human3_lib3.final_cell_0126","ATCAGCGC-GTACACTC","acinar"
"human3_lib3.final_cell_0127","AAGAACGGG-CGCCTTGA","alpha"
"human3_lib3.final_cell_0128","GACGCCTTGA-GCAGTCGA","acinar"
"human3_lib3.final_cell_0129","ATTGATTCT-CCCATCTG","acinar"
"human3_lib3.final_cell_0130","GATGTACACG-TGAAATGA","alpha"
"human3_lib3.final_cell_0131","AACCTGAC-AAACAGGG","beta"
"human3_lib3.final_cell_0132","ATGCTCCGT-GGTTAGTG","acinar"
"human3_lib3.final_cell_0133","GATGCCATCG-AATTCCCA","alpha"
"human3_lib3.final_cell_0134","TGGTATGA-AGCACCAC","activated_stellate"
"human3_lib3.final_cell_0135","TGATGATAACA-GTTGTCAT","acinar"
"human3_lib3.final_cell_0136","TACAGCCG-CGAGATGT","beta"
"human3_lib3.final_cell_0137","GAGAAAGACC-CGTAGAAG","beta"
"human3_lib3.final_cell_0138","CGTATTTC-CTGTCTGG","beta"
"human3_lib3.final_cell_0139","TGAAAACTGGT-TCCGTCCA","acinar"
"human3_lib3.final_cell_0140","ATTCGTTCC-TGAGGTCT","beta"
"human3_lib3.final_cell_0141","TTGGACTT-GACGATGG","beta"
"human3_lib3.final_cell_0142","GCAGTCGA-TTCGTTCC","beta"
"human3_lib3.final_cell_0143","TGAGGTCTGAC-CATACATT","acinar"
"human3_lib3.final_cell_0144","ACCGTGTTT-TGACGGAC","acinar"
"human3_lib3.final_cell_0145","CTTCAGGT-AAACTCGA","acinar"
"human3_lib3.final_cell_0146","TGAATGACCGA-AGCGCGAT","endothelial"
"human3_lib3.final_cell_0147","GAACAGCGGA-ATGACCGA","alpha"
"human3_lib3.final_cell_0148","ACGTGCTAG-GGGAAGGT","beta"
"human3_lib3.final_cell_0149","AACGGTAGC-CCCTAACC","delta"
"human3_lib3.final_cell_0150","TGAGGCGGTTT-ATTCGACG","beta"
"human3_lib3.final_cell_0151","GATGACGGAC-AGTGAAAG","beta"
"human3_lib3.final_cell_0152","GCTTTGGC-ATGAAGCA","acinar"
"human3_lib3.final_cell_0153","ATATGCAT-TGGGATTC","beta"
"human3_lib3.final_cell_0154","CTTACGGG-TGCGACAG","activated_stellate"
"human3_lib3.final_cell_0155","TGACTCGCGTA-GCAACCTG","acinar"
"human3_lib3.final_cell_0156","TGAGCCACATC-TGTGGCTA","acinar"
"human3_lib3.final_cell_0157","TGAAGCGCGAT-TCGGTTTA","acinar"
"human3_lib3.final_cell_0158","AATTCCCA-GGAAACAG","alpha"
"human3_lib3.final_cell_0159","GGATAAAG-GCTTTCCA","delta"
"human3_lib3.final_cell_0160","GAGGACTTCC-AGCTATGA","acinar"
"human3_lib3.final_cell_0161","ATGTGTCCT-ACGTATAC","beta"
"human3_lib3.final_cell_0162","ATTAGGACC-AAATCAGA","acinar"
"human3_lib3.final_cell_0163","AGAAGTCC-TGTGCTCA","acinar"
"human3_lib3.final_cell_0164","GTCTCTCT-CTGTCTGG","acinar"
"human3_lib3.final_cell_0165","TGAAGAAGTTA-TTTATCAC","beta"
"human3_lib3.final_cell_0166","CATCGCAG-TGCGACAG","acinar"
"human3_lib3.final_cell_0167","AATGGATTA-GTGTCGGA","beta"
"human3_lib3.final_cell_0168","AGCAACCTG-CCCTTGGT","acinar"
"human3_lib3.final_cell_0169","AATGCGGAT-CGGCACAT","beta"
"human3_lib3.final_cell_0170","GGATAAAG-CTTAGGTA","acinar"
"human3_lib3.final_cell_0171","ACTTCAAT-GATTTACC","alpha"
"human3_lib3.final_cell_0172","ATTTCCGG-CTCGCGTA","ductal"
"human3_lib3.final_cell_0173","ACCCTAACC-AGAAGTTA","acinar"
"human3_lib3.final_cell_0174","GAGAAGGCTT-TTAAACTG","acinar"
"human3_lib3.final_cell_0175","AGAAGTCC-GTGTCGGA","activated_stellate"
"human3_lib3.final_cell_0176","GATTAAACTG-TGGGATTC","acinar"
"human3_lib3.final_cell_0177","AACTCACCG-GTCCATGT","acinar"
"human3_lib3.final_cell_0178","TTAAGCGT-GGGAAATC","beta"
"human3_lib3.final_cell_0179","GAGGCGTTAG-AGAAGTTA","acinar"
"human3_lib3.final_cell_0180","TGAGTAATCCC-GGCATGCT","acinar"
"human3_lib3.final_cell_0181","AAATGACCC-ATATAGGA","beta"
"human3_lib3.final_cell_0182","TGAATGACTTT-AGATGGCT","activated_stellate"
"human3_lib3.final_cell_0183","GAGATTGCGA-ATGTTGGC","alpha"
"human3_lib3.final_cell_0184","TGACTCAGAAT-ATTTCCGG","beta"
"human3_lib3.final_cell_0185","ATCTAGCAG-CACAAGGC","beta"
"human3_lib3.final_cell_0186","GACGCTAGTC-TGATGCCC","acinar"
"human3_lib3.final_cell_0187","GCTTTGGC-CGTATCGG","beta"
"human3_lib3.final_cell_0188","TGATCGTCATG-GTTAACCA","acinar"
"human3_lib3.final_cell_0189","TGCGACAG-GGGAAATC","alpha"
"human3_lib3.final_cell_0190","TGGTATGA-GTCCAAAG","beta"
"human3_lib3.final_cell_0191","AAGCTTCT-TACCAGGC","acinar"
"human3_lib3.final_cell_0192","GATGACGGAC-GGTTTCTC","acinar"
"human3_lib3.final_cell_0193","AAGTGAAAG-GTTAACCA","beta"
"human3_lib3.final_cell_0194","AATGGATTA-GAAAGACC","acinar"
"human3_lib3.final_cell_0195","ACCCTAACC-TTCGTTCC","acinar"
"human3_lib3.final_cell_0196","TGAGCAGGGTA-TAAATAGG","alpha"
"human3_lib3.final_cell_0197","GAACAGCGGA-CGTAGAAG","beta"
"human3_lib3.final_cell_0198","TGACTACCGTT-GAATACGC","acinar"
"human3_lib3.final_cell_0199","GAGGGAGGTA-AGTTTAGA","beta"
"human3_lib3.final_cell_0200","ACAACGTGG-CTGTCTGG","beta"
"human3_lib3.final_cell_0201","ATGGCCTGT-AACCCTTG","acinar"
"human3_lib3.final_cell_0202","AGTCAATAC-AGAAGTTA","beta"
"human3_lib3.final_cell_0203","GAGTTTCG-TAGTGGAC","acinar"
"human3_lib3.final_cell_0204","AATATCTTC-GGTCTGAC","acinar"
"human3_lib3.final_cell_0205","TGACACAGTTT-GCCGGATT","acinar"
"human3_lib3.final_cell_0206","ATGGCCTGT-GCAGTCGA","beta"
"human3_lib3.final_cell_0207","GACTTCTTCG-CTGAGTGC","acinar"
"human3_lib3.final_cell_0208","AACTGAGTT-ACCCACGA","acinar"
"human3_lib3.final_cell_0209","GATGTGAG-GTCCGTAC","beta"
"human3_lib3.final_cell_0210","ATTTCCGG-TCCGTCCA","beta"
"human3_lib3.final_cell_0211","AATGGATTA-CTTGGTGT","delta"
"human3_lib3.final_cell_0212","TGAAGCGTAGG-GAGAATTG","alpha"
"human3_lib3.final_cell_0213","GAGAAAGACC-ATATAGGA","endothelial"
"human3_lib3.final_cell_0214","GACCCGAATG-AACCCTTG","acinar"
"human3_lib3.final_cell_0215","TGATCACCGAG-GTCCATGT","beta"
"human3_lib3.final_cell_0216","TGAAGGAGCTT-CCTATTCA","alpha"
"human3_lib3.final_cell_0217","TGAGCAGGGTA-CGGGTAGT","alpha"
"human3_lib3.final_cell_0218","AAATCGGGT-CGTCAGCA","beta"
"human3_lib3.final_cell_0219","TCCAGGGA-GTTACCGC","alpha"
"human3_lib3.final_cell_0220","CGCTAATA-TTTAACAG","acinar"
"human3_lib3.final_cell_0221","TTCGGCCT-GCAACCTG","acinar"
"human3_lib3.final_cell_0222","TGACTCGATGC-GAGAATTG","alpha"
"human3_lib3.final_cell_0223","GATGAAATGA-TTCGTTCC","acinar"
"human3_lib3.final_cell_0224","GAATGGAAAT-ACTAGGAT","ductal"
"human3_lib3.final_cell_0225","AAGCTATGA-TTGATCTA","beta"
"human3_lib3.final_cell_0226","GACGCCTTGA-TTTGGGAG","acinar"
"human3_lib3.final_cell_0227","TGAAACCCTTG-AGAAGTTA","acinar"
"human3_lib3.final_cell_0228","GAAGGCAGTT-AGCTATGA","acinar"
"human3_lib3.final_cell_0229","ACCCGACTT-ATGACCGA","acinar"
"human3_lib3.final_cell_0230","TTATCTGT-AAACAGGG","ductal"
"human3_lib3.final_cell_0231","AGTGTCGGA-AGCGAAGT","acinar"
"human3_lib3.final_cell_0232","TGAGGTTTCTC-CAGTCCCT","beta"
"human3_lib3.final_cell_0233","TGAGATTTACC-CTAGATTG","acinar"
"human3_lib3.final_cell_0234","AGGCCTAAG-AGCGTAGG","alpha"
"human3_lib3.final_cell_0235","GATGACCCTC-CTCAGAAT","acinar"
"human3_lib3.final_cell_0236","TGATTCACATA-CTGCGTTG","beta"
"human3_lib3.final_cell_0237","ACTGCGTTG-AAAGCCTA","gamma"
"human3_lib3.final_cell_0238","TGATCCCGTAG-CTTGGTGT","beta"
"human3_lib3.final_cell_0239","GAAAGATTGT-CCACATTA","beta"
"human3_lib3.final_cell_0240","TGAAACCCTTG-GAGTTTCG","alpha"
"human3_lib3.final_cell_0241","GATGACGGAC-AATGAATG","acinar"
"human3_lib3.final_cell_0242","GATAAGACGG-TCACCGAG","alpha"
"human3_lib3.final_cell_0243","ATCTTTGT-CCATTTGA","acinar"
"human3_lib3.final_cell_0244","ATTGGATCG-AGTTTAGA","ductal"
"human3_lib3.final_cell_0245","CGAACGTA-GCGTTGCT","alpha"
"human3_lib3.final_cell_0246","ACTACTTGT-AAATGTCG","beta"
"human3_lib3.final_cell_0247","GGCATGCT-CCCAAGCA","beta"
"human3_lib3.final_cell_0248","TCCAGGGA-GTTCAACT","beta"
"human3_lib3.final_cell_0249","AAGTGAAAG-TGTCTTTC","beta"
"human3_lib3.final_cell_0250","CCAACCGT-TATTGCCT","ductal"
"human3_lib3.final_cell_0251","AACGGTAGC-GCTTTCCA","beta"
"human3_lib3.final_cell_0252","ATCTAGCAG-ATGAAGCA","ductal"
"human3_lib3.final_cell_0253","TGAAGGATTCA-ATCCCACG","beta"
"human3_lib3.final_cell_0254","TGAAACACACG-AACCTGAC","beta"
"human3_lib3.final_cell_0255","GAGGGAGGTA-AATGACCC","ductal"
"human3_lib3.final_cell_0256","TGAGTTCTGTT-CGGACAAC","beta"
"human3_lib3.final_cell_0257","GACAGTCCCT-AAGATTGT","beta"
"human3_lib3.final_cell_0258","AGCAGAAC-TCCAGTCC","acinar"
"human3_lib3.final_cell_0259","ATCCGCTA-TTCCAGAC","beta"
"human3_lib3.final_cell_0260","TACAGCCG-GTCCGTAC","beta"
"human3_lib3.final_cell_0261","GATTGATCTA-GTTCAACT","alpha"
"human3_lib3.final_cell_0262","GATGGTTTCT-GCAGTCGA","acinar"
"human3_lib3.final_cell_0263","TGAGAGGCTGA-GCTTTCCA","beta"
"human3_lib3.final_cell_0264","ATCAGCGC-ATATGCAT","delta"
"human3_lib3.final_cell_0265","GAGTTGTCAT-CAGGTGTC","activated_stellate"
"human3_lib3.final_cell_0266","GACCTACTAG-CACAAGGC","acinar"
"human3_lib3.final_cell_0267","TGACTTCGCAC-GGCCCTTA","ductal"
"human3_lib3.final_cell_0268","TGACTAGTAAC-ATACCCAG","acinar"
"human3_lib3.final_cell_0269","TGACTCAGAAT-AACAATCC","beta"
"human3_lib3.final_cell_0270","GATGACGGAC-ACTGCCGT","beta"
"human3_lib3.final_cell_0271","TTCCGCTC-TCATGAGG","ductal"
"human3_lib3.final_cell_0272","GACAGTCCCT-TGACCCTC","acinar"
"human3_lib3.final_cell_0273","GAGGCGTTAG-GGCTACTA","alpha"
"human3_lib3.final_cell_0274","TAGCCTCG-TGCAAGGG","delta"
"human3_lib3.final_cell_0275","TGAGCCACATC-ACGGTAGC","beta"
"human3_lib3.final_cell_0276","GACTGTCTGG-AGCAGAAC","acinar"
"human3_lib3.final_cell_0277","TGAGAAGCACT-GAGCGGTA","alpha"
"human3_lib3.final_cell_0278","GCATGGGT-GGCCCTTA","ductal"
"human3_lib3.final_cell_0279","TGAACTAGCCA-ATATAGGA","beta"
"human3_lib3.final_cell_0280","ATAGTGGAC-CCCATCTG","alpha"
"human3_lib3.final_cell_0281","AACTGAGTT-TTGGACTT","alpha"
"human3_lib3.final_cell_0282","ATTTATCAC-CAACGTGG","beta"
"human3_lib3.final_cell_0283","ATTGTGACT-CCATTTGA","activated_stellate"
"human3_lib3.final_cell_0284","TGATGCCC-AAACTGGT","acinar"
"human3_lib3.final_cell_0285","ACGGAATTT-TCTGTGGT","delta"
"human3_lib3.final_cell_0286","CTTCAGGT-GACAGATA","beta"
"human3_lib3.final_cell_0287","TGAAGCGCGAT-AGTTTAGA","alpha"
"human3_lib3.final_cell_0288","GATGAGGTCT-CTTGGTGT","ductal"
"human3_lib3.final_cell_0289","GCTCTAGT-TAAGACGG","acinar"
"human3_lib3.final_cell_0290","ACTAGATTG-GGGCCAAT","ductal"
"human3_lib3.final_cell_0291","AGTGTCGGA-TTGTTTAC","alpha"
"human3_lib3.final_cell_0292","CTATAGAG-ACGGTAGC","endothelial"
"human3_lib3.final_cell_0293","TGAAAACAGGG-CGCCTTGA","acinar"
"human3_lib3.final_cell_0294","ACGGACAAC-CTGTCTGG","alpha"
"human3_lib3.final_cell_0295","GATCGGTACG-GGTCTGAC","alpha"
"human3_lib3.final_cell_0296","GCTTACCT-AGCGCGAT","acinar"
"human3_lib3.final_cell_0297","GACACGGACT-TTGGCGTT","beta"
"human3_lib3.final_cell_0298","GTTCAACT-GTGTCGGA","beta"
"human3_lib3.final_cell_0299","GACAATTAGT-CACAACAG","ductal"
"human3_lib3.final_cell_0300","AAGTGAAAG-ACGGTAGC","ductal"
"human3_lib3.final_cell_0301","ATATGCAT-GTCCGTAC","acinar"
"human3_lib3.final_cell_0302","TGACACAGTTT-CCCATAGC","ductal"
"human3_lib3.final_cell_0303","CTTTCTTT-CACAAGGC","delta"
"human3_lib3.final_cell_0304","TGATCGTCATG-TCCGTCCA","beta"
"human3_lib3.final_cell_0305","TGAATATAGGA-GGGAACGA","delta"
"human3_lib3.final_cell_0306","GTACCTTG-AGGCAACG","acinar"
"human3_lib3.final_cell_0307","TGACACTTTCT-AATGTTTG","delta"
"human3_lib3.final_cell_0308","CGGCTTAC-ACAGCGGA","alpha"
"human3_lib3.final_cell_0309","TGCGACAG-GTCAAAGA","alpha"
"human3_lib3.final_cell_0310","TTCGGCCT-GAAAGACC","beta"
"human3_lib3.final_cell_0311","GATGACGGAC-GGCTACTA","endothelial"
"human3_lib3.final_cell_0312","GACTAGACCC-ATGGAAAT","ductal"
"human3_lib3.final_cell_0313","ACTTAGGTA-TTTGTGTC","beta"
"human3_lib3.final_cell_0314","ACCCGACTT-GGGAACGA","beta"
"human3_lib3.final_cell_0315","AAAGGTAAT-CGTACCTA","alpha"
"human3_lib3.final_cell_0316","TGATAACCCGT-TTAAGCGT","acinar"
"human3_lib3.final_cell_0317","TGAATATAGGA-CGTGGATA","alpha"
"human3_lib3.final_cell_0318","GATGGGATTC-GAGAATTG","delta"
"human3_lib3.final_cell_0319","AAATCAGA-TCCCAATC","alpha"
"human3_lib3.final_cell_0320","TGATAGAAATG-TTGGATCG","alpha"
"human3_lib3.final_cell_0321","ACTTAGGTA-CACAACAG","beta"
"human3_lib3.final_cell_0322","GATCGGTTTA-GAGCCCAT","ductal"
"human3_lib3.final_cell_0323","GATCGTTT-GAAGTGCC","beta"
"human3_lib3.final_cell_0324","GAGAATACGC-ACGAAACG","macrophage"
"human3_lib3.final_cell_0325","CGAACGTA-CAACGTGG","alpha"
"human3_lib3.final_cell_0326","TGACGTAGAAG-ACGAAACG","delta"
"human3_lib3.final_cell_0327","GAGCGGTA-GTCAAAGA","ductal"
"human3_lib3.final_cell_0328","ACACTCCTC-ACATCTAT","beta"
"human3_lib3.final_cell_0329","GATGAAATGA-ACCCATAT","ductal"
"human3_lib3.final_cell_0330","AGTCAATAC-CGGACAAC","alpha"
"human3_lib3.final_cell_0331","GTACCTTG-CGCTCTCA","delta"
"human3_lib3.final_cell_0332","ATTCCAGAC-TCTGTGGT","beta"
"human3_lib3.final_cell_0333","TGATAACCCGT-GGACTTCC","acinar"
"human3_lib3.final_cell_0334","TGAAAACAGGG-GTAACGTT","ductal"
"human3_lib3.final_cell_0335","ACCCACGA-AAACAGGG","ductal"
"human3_lib3.final_cell_0336","GTTACGAT-ATATCTTC","beta"
"human3_lib3.final_cell_0337","ATCAGCGC-GGTGACAC","alpha"
"human3_lib3.final_cell_0338","CTTCAGGT-CGTATCGG","alpha"
"human3_lib3.final_cell_0339","TTATAGCC-CGAGATGT","acinar"
"human3_lib3.final_cell_0340","CGGCTTAC-AGCGTAGG","beta"
"human3_lib3.final_cell_0341","TGCGACAG-ATGCATGG","ductal"
"human3_lib3.final_cell_0342","TGAGGTCTGAC-TTGATTCT","ductal"
"human3_lib3.final_cell_0343","GATGACGGAC-TTCGCTGG","beta"
"human3_lib3.final_cell_0344","GACGCTAGTC-TGTGTCCT","alpha"
"human3_lib3.final_cell_0345","GAAAGATTGT-GTCGTCGT","delta"
"human3_lib3.final_cell_0346","ACAGGTGTC-TTTGTGTC","alpha"
"human3_lib3.final_cell_0347","ACAACGTGG-GGGAACCT","alpha"
"human3_lib3.final_cell_0348","AATATACCT-AACCCTTG","alpha"
"human3_lib3.final_cell_0349","ATCTAGCAG-CCCTAACC","beta"
"human3_lib3.final_cell_0350","GAGTCCAAAG-GGTGGGAT","beta"
"human3_lib3.final_cell_0351","GTTCAACT-ACCTTGCC","beta"
"human3_lib3.final_cell_0352","AAAATCGTT-TTGGATCG","alpha"
"human3_lib3.final_cell_0353","ACCCGACTT-TGTTCCAG","alpha"
"human3_lib3.final_cell_0354","AACTTAGC-CGTATTTC","acinar"
"human3_lib3.final_cell_0355","TGAGTAATCCC-CTAGATTG","acinar"
"human3_lib3.final_cell_0356","TGACTTGGTGT-TTGATCTA","beta"
"human3_lib3.final_cell_0357","GAAGTGATGC-ACCCACGA","alpha"
"human3_lib3.final_cell_0358","AAAGTAATC-CAAGAGGG","alpha"
"human3_lib3.final_cell_0359","TGAAAACAGGG-TGATGCCC","beta"
"human3_lib3.final_cell_0360","TGAAGGAGCTT-TAAATAGG","alpha"
"human3_lib3.final_cell_0361","AGTTACCGC-GCCTCTTT","acinar"
"human3_lib3.final_cell_0362","GTTTGTTT-GGGAACGA","delta"
"human3_lib3.final_cell_0363","ATCAGCGC-GCTTTGGC","acinar"
"human3_lib3.final_cell_0364","GCATGGGT-AGCGTAGG","beta"
"human3_lib3.final_cell_0365","GATGAAATGA-ACGGTAGC","alpha"
"human3_lib3.final_cell_0366","TGATCGTCATG-CGATTGAT","ductal"
"human3_lib3.final_cell_0367","AGTCAATAC-TTAAACTG","beta"
"human3_lib3.final_cell_0368","GAGAATTCGT-GGGCCAAT","alpha"
"human3_lib3.final_cell_0369","AAAGTAATC-ATATGCAT","alpha"
"human3_lib3.final_cell_0370","TGAATGCATGG-GAAAGACC","alpha"
"human3_lib3.final_cell_0371","TGACACAGTTT-CGGCTTAC","beta"
"human3_lib3.final_cell_0372","AATGGATTA-CTTACGGG","alpha"
"human3_lib3.final_cell_0373","CTATAGAG-GGTTTCTC","gamma"
"human3_lib3.final_cell_0374","TAGTCTAG-TAGAAATG","delta"
"human3_lib3.final_cell_0375","AGAAGTGCC-CACAGTTT","endothelial"
"human3_lib3.final_cell_0376","CGAACGTA-ACGGTAGC","alpha"
"human3_lib3.final_cell_0377","GACGTCAGCA-CATACATT","beta"
"human3_lib3.final_cell_0378","GAACAGCGGA-CAGTCCCT","alpha"
"human3_lib3.final_cell_0379","GAGAAGGCTT-CTTACTCC","delta"
"human3_lib3.final_cell_0380","GAATGGAAAT-TCCCAATC","beta"
"human3_lib3.final_cell_0381","AGCCAAGAT-GGCCCTTA","delta"
"human3_lib3.final_cell_0382","TAGCCTCG-AATCGGGT","ductal"
"human3_lib3.final_cell_0383","ATCGGTTCG-ACGAAACG","beta"
"human3_lib3.final_cell_0384","GGATAAAG-TTCCAGAC","alpha"
"human3_lib3.final_cell_0385","TGAAACCCTTG-CCTGACAC","acinar"
"human3_lib3.final_cell_0386","ACGTATAC-GCAACCTG","alpha"
"human3_lib3.final_cell_0387","TGCGTATC-AGCGCGAT","beta"
"human3_lib3.final_cell_0388","ACAACGTGG-GGTGGGAT","ductal"
"human3_lib3.final_cell_0389","AGCAACCTG-CTTACTCC","beta"
"human3_lib3.final_cell_0390","GATCGGTACG-ATACCCAG","alpha"
"human3_lib3.final_cell_0391","ACAGATTAC-TGGGATTC","beta"
"human3_lib3.final_cell_0392","GATGTAGTTT-ATGACCGA","ductal"
"human3_lib3.final_cell_0393","ACGGAATTT-TGTCTTTC","acinar"
"human3_lib3.final_cell_0394","CTTCAGGT-TCGTCATG","alpha"
"human3_lib3.final_cell_0395","ACTGCGTTG-AACACACG","beta"
"human3_lib3.final_cell_0396","TGACAAGTCAT-AGAAGTTA","acinar"
"human3_lib3.final_cell_0397","TGAAGGTTGTG-AGCAGAAC","alpha"
"human3_lib3.final_cell_0398","TTTGTGTC-GGCCTAAG","alpha"
"human3_lib3.final_cell_0399","AAAGGTAAT-CCGTGTTT","alpha"
"human3_lib3.final_cell_0400","TGATAGAAATG-GTAACGTT","alpha"
"human3_lib3.final_cell_0401","AGGGAAGGT-GGTCTGAC","beta"
"human3_lib3.final_cell_0402","GATCGGTTTA-CTGGTGCA","ductal"
"human3_lib3.final_cell_0403","GACGGGCTTT-TGCAAGGG","beta"
"human3_lib3.final_cell_0404","ACGTGGATA-CTTTAATC","alpha"
"human3_lib3.final_cell_0405","TAGTCTAG-ACAGCGGA","alpha"
"human3_lib3.final_cell_0406","GATGGTTTCT-AAACAGGG","acinar"
"human3_lib3.final_cell_0407","TGAGTTCTGTT-AGGCAACG","ductal"
"human3_lib3.final_cell_0408","GAGTTAACCA-CGGAATTT","beta"
"human3_lib3.final_cell_0409","GATGTACACG-GGGAAATC","ductal"
"human3_lib3.final_cell_0410","TGATCCCTGAT-GGTCTGAC","alpha"
"human3_lib3.final_cell_0411","GAGTTAACCA-CACTTTCT","beta"
"human3_lib3.final_cell_0412","GATGTAGTTT-CGTATTTC","beta"
"human3_lib3.final_cell_0413","TAGCCTCG-ACGGTAGC","macrophage"
"human3_lib3.final_cell_0414","ACAGGTGTC-GAGAATTG","beta"
"human3_lib3.final_cell_0415","GAATGGGCAC-GACAAAGG","acinar"
"human3_lib3.final_cell_0416","GAACGCCATT-TGACCCTC","beta"
"human3_lib3.final_cell_0417","AAGCGCCTT-AATGTTTG","ductal"
"human3_lib3.final_cell_0418","GATGTGAG-GCCAAGAT","beta"
"human3_lib3.final_cell_0419","ACTGCGTTG-GCAACCTG","beta"
"human3_lib3.final_cell_0420","GACGTCAGCA-CAGGTGTC","ductal"
"human3_lib3.final_cell_0421","AGTTTACGT-AACACACG","alpha"
"human3_lib3.final_cell_0422","GACAAGAGGG-TCACGTTT","beta"
"human3_lib3.final_cell_0423","GATGTTCCAG-CGGAATTT","alpha"
"human3_lib3.final_cell_0424","GATGTTCCAG-CGTAGAAG","alpha"
"human3_lib3.final_cell_0425","GAGTTGTCAT-ATGTTGGC","alpha"
"human3_lib3.final_cell_0426","TTTGTGTC-CTAGATTG","alpha"
"human3_lib3.final_cell_0427","GCATGGGT-GTTCAACT","alpha"
"human3_lib3.final_cell_0428","AGGTTAGTG-TAAGACGG","beta"
"human3_lib3.final_cell_0429","TGAGGCTACTA-CGTAGAAG","beta"
"human3_lib3.final_cell_0430","AACTCACCG-CTTACTCC","alpha"
"human3_lib3.final_cell_0431","ATCATGAGG-TGCCATCG","alpha"
"human3_lib3.final_cell_0432","AATATCTTC-TAGTCGCA","beta"
"human3_lib3.final_cell_0433","GAGTTAACCA-AAACTGGT","endothelial"
"human3_lib3.final_cell_0434","AGAGGTGG-ATTCCTTG","alpha"
"human3_lib3.final_cell_0435","GAGAGAGTAT-GAATTCGT","beta"
"human3_lib3.final_cell_0436","GACACGGACT-CTTCTTCG","alpha"
"human3_lib3.final_cell_0437","ATTTGGGAG-AGACACCA","ductal"
"human3_lib3.final_cell_0438","TGAGCAGGGTA-AGCTATGA","endothelial"
"human3_lib3.final_cell_0439","TGCCTCAC-TGAAATGA","alpha"
"human3_lib3.final_cell_0440","AGAACGATT-TGTGTCCT","acinar"
"human3_lib3.final_cell_0441","ATTGATTCT-TCACGTTT","ductal"
"human3_lib3.final_cell_0442","TGATCCCTGAT-CGCTCTCA","activated_stellate"
"human3_lib3.final_cell_0443","AGAGGTGG-CTAGACCC","alpha"
"human3_lib3.final_cell_0444","GAGAATTCGT-GATTTACC","beta"
"human3_lib3.final_cell_0445","GACACGGACT-GTCAATAC","beta"
"human3_lib3.final_cell_0446","TGCCTCAC-TCATCCTT","alpha"
"human3_lib3.final_cell_0447","AAAAGCCTA-TCGACGGT","endothelial"
"human3_lib3.final_cell_0448","TGACTAGTAAC-AGATGGCT","alpha"
"human3_lib3.final_cell_0449","ATATGCAT-ACTAGGAT","ductal"
"human3_lib3.final_cell_0450","TGAAGGAGCTT-GCCACATC","delta"
"human3_lib3.final_cell_0451","TGGCTACC-CGTATTTC","alpha"
"human3_lib3.final_cell_0452","TGAATGACTTT-ATGGAAAT","alpha"
"human3_lib3.final_cell_0453","TGAGCGCATTC-ATCAAGTG","acinar"
"human3_lib3.final_cell_0454","AACTCACCG-AATGACCC","ductal"
"human3_lib3.final_cell_0455","TGAAACAATCC-TTAAGCGT","alpha"
"human3_lib3.final_cell_0456","TGATCGACGGT-GGTCTGAC","alpha"
"human3_lib3.final_cell_0457","GAGTTTCG-TTCCAGAC","alpha"
"human3_lib3.final_cell_0458","CCCATCTG-CGTGCTAG","alpha"
"human3_lib3.final_cell_0459","GATCTCACTT-AGCGTAGG","ductal"
"human3_lib3.final_cell_0460","GATGACCCTC-GCTTTGGC","alpha"
"human3_lib3.final_cell_0461","GATGTTCCAG-GCAAAGCC","ductal"
"human3_lib3.final_cell_0462","TGAGGTCTGAC-AATCGGGT","alpha"
"human3_lib3.final_cell_0463","GAGGGAGGTA-TTATAGCC","alpha"
"human3_lib3.final_cell_0464","AAGCGCCTT-GAATACGC","beta"
"human3_lib3.final_cell_0465","AGAGGTGG-TTCGGCCT","beta"
"human3_lib3.final_cell_0466","ATTCCAGAC-GCAGTCGA","beta"
"human3_lib3.final_cell_0467","TGAGCCACATC-CGCTAATA","acinar"
"human3_lib3.final_cell_0468","ACTGCGTTG-CACTCCTC","alpha"
"human3_lib3.final_cell_0469","CTTTAATC-CTCAGAAT","alpha"
"human3_lib3.final_cell_0470","TCATATGG-GTGTAACC","alpha"
"human3_lib3.final_cell_0471","TGAGGAATAGA-AGTGATGC","ductal"
"human3_lib3.final_cell_0472","TGAACGCTCAG-GACAGATA","alpha"
"human3_lib3.final_cell_0473","GAGATCTCGG-GAAGGCTT","acinar"
"human3_lib3.final_cell_0474","GATGTGCTCA-ATACTCTT","alpha"
"human3_lib3.final_cell_0475","TTTGTGTC-GAGTTTCG","beta"
"human3_lib3.final_cell_0476","TACCGGCA-TACCGGCA","beta"
"human3_lib3.final_cell_0477","GGGTTGGT-CGTATCGG","delta"
"human3_lib3.final_cell_0478","GAGAATACGC-ACTGCCGT","acinar"
"human3_lib3.final_cell_0479","AATTCCCA-CTGCGTTG","alpha"
"human3_lib3.final_cell_0480","GATGGGATTC-ACACTAAG","alpha"
"human3_lib3.final_cell_0481","ACCCACGA-CGCTCTCA","beta"
"human3_lib3.final_cell_0482","CGCTAATA-GATCGTTT","alpha"
"human3_lib3.final_cell_0483","AAAAGTCGG-TGTGCTCA","acinar"
"human3_lib3.final_cell_0484","TGATCACCGAG-ATTCCTTG","gamma"
"human3_lib3.final_cell_0485","GTAACGTT-CATCTCCC","alpha"
"human3_lib3.final_cell_0486","CCCAAGCA-GCAACCTG","alpha"
"human3_lib3.final_cell_0487","GTTGCACG-TGTGTCCT","beta"
"human3_lib3.final_cell_0488","GACTCTTGAC-GTCGTCGT","alpha"
"human3_lib3.final_cell_0489","TGACGGGTAGT-CATACATT","beta"
"human3_lib3.final_cell_0490","TGACTCGCGTA-GACGATGG","ductal"
"human3_lib3.final_cell_0491","CTATAGAG-TCATATGG","ductal"
"human3_lib3.final_cell_0492","TGAACTAGCCA-ACGGTAGC","alpha"
"human3_lib3.final_cell_0493","AATCCCACG-CCAGCAGT","beta"
"human3_lib3.final_cell_0494","ACAGGTGTC-TGACCCTC","alpha"
"human3_lib3.final_cell_0495","GACCTGACAC-AGCGTAGG","acinar"
"human3_lib3.final_cell_0496","TGAACGCTCAG-GTACACTC","ductal"
"human3_lib3.final_cell_0497","GCTCTAGT-CGTATCGG","alpha"
"human3_lib3.final_cell_0498","GATTGATCTA-TTGTCGCC","alpha"
"human3_lib3.final_cell_0499","TGATGTGGCTA-ATTCGACG","alpha"
"human3_lib3.final_cell_0500","GGTGGGAT-TACAGCCG","alpha"
"human3_lib3.final_cell_0501","TGACAACAAAT-TCATGAGG","beta"
"human3_lib3.final_cell_0502","GATACCAGGC-TACCAGGC","alpha"
"human3_lib3.final_cell_0503","GAGAATACGC-CAGGTGTC","beta"
"human3_lib3.final_cell_0504","TGCGACAG-CGTATTTC","beta"
"human3_lib3.final_cell_0505","AATGGATTA-CTTCTGGA","alpha"
"human3_lib3.final_cell_0506","TGACTTCTGGA-ACCTTCTT","alpha"
"human3_lib3.final_cell_0507","GATAACCATC-CTGAGTGC","beta"
"human3_lib3.final_cell_0508","TGCGACAG-AGTGAAAG","alpha"
"human3_lib3.final_cell_0509","GAGACAGATA-CACAAGGC","alpha"
"human3_lib3.final_cell_0510","TGATAACCCGT-ATCTTTGT","alpha"
"human3_lib3.final_cell_0511","TTGCATAT-CTCGATGC","alpha"
"human3_lib3.final_cell_0512","ACTCCGCAT-ACTGCCGT","alpha"
"human3_lib3.final_cell_0513","TGACGTAGAAG-GTGTAACC","alpha"
"human3_lib3.final_cell_0514","TGACCAGCAGT-AGCGTAGG","beta"
"human3_lib3.final_cell_0515","TGAATGACTTT-TCATCCTT","beta"
"human3_lib3.final_cell_0516","GACATTTGTT-ACGGTAGC","activated_stellate"
"human3_lib3.final_cell_0517","TTCGGCCT-CAACGTGG","endothelial"
"human3_lib3.final_cell_0518","TGACTCAGAAT-CGCTAATA","activated_stellate"
"human3_lib3.final_cell_0519","TGAAAACTGGT-CACTCCTC","activated_stellate"
"human3_lib3.final_cell_0520","TGAGGTTTCTC-TGTTCCAG","beta"
"human3_lib3.final_cell_0521","GATGGGATTC-TGTGGCTA","ductal"
"human3_lib3.final_cell_0522","ATGCTCCGT-TCCCAATC","ductal"
"human3_lib3.final_cell_0523","AAAGTAATC-GGTGGGAT","activated_stellate"
"human3_lib3.final_cell_0524","TGATGTTTGAG-CTTCAGGT","ductal"
"human3_lib3.final_cell_0525","TGAAACCCTTG-CTGGTGCA","acinar"
"human3_lib3.final_cell_0526","CTTCAGGT-CTTACTCC","alpha"
"human3_lib3.final_cell_0527","AGAGACTA-GTAATCCC","beta"
"human3_lib3.final_cell_0528","GAGATCTCGG-AGCGCGAT","ductal"
"human3_lib3.final_cell_0529","GATGTACACG-GCAGGGTA","gamma"
"human3_lib3.final_cell_0530","TGACTAGTAAC-CCAGCAGT","activated_stellate"
"human3_lib3.final_cell_0531","GAAAGATTGT-TGCAAGGG","beta"
"human3_lib3.final_cell_0532","AGCAAAGCC-TAGCTTAT","delta"
"human3_lib3.final_cell_0533","GCAGTCGA-GCAAGGAC","alpha"
"human3_lib3.final_cell_0534","GATGAAATGA-TTGAGGGT","beta"
"human3_lib3.final_cell_0535","TGAACGCTCAG-GGCCTAAG","alpha"
"human3_lib3.final_cell_0536","TGACCATTACT-CACTTTCT","acinar"
"human3_lib3.final_cell_0537","TGAGCAAGGAC-GACAAAGG","acinar"
"human3_lib3.final_cell_0538","GAACACTAAG-AGAAGTCC","alpha"
"human3_lib3.final_cell_0539","CCCATCTG-GGTCACAG","alpha"
"human3_lib3.final_cell_0540","TGACTCAGAAT-GCCAAGAT","ductal"
"human3_lib3.final_cell_0541","ATTGATTCT-CGTCAGCA","ductal"
"human3_lib3.final_cell_0542","CTTTAATC-TAACCATC","beta"
"human3_lib3.final_cell_0543","GAGCGTTGCT-AGAAGTTA","alpha"
"human3_lib3.final_cell_0544","TGATTGTTTAC-AAACTGGT","alpha"
"human3_lib3.final_cell_0545","AGTCAATAC-CGGAATTT","alpha"
"human3_lib3.final_cell_0546","AAGATGGCT-ACGCAGAG","ductal"
"human3_lib3.final_cell_0547","AGGTGACAC-ACTAGCCA","ductal"
"human3_lib3.final_cell_0548","TGACTCAGAAT-CAGTCCCT","alpha"
"human3_lib3.final_cell_0549","TGACAACAAAT-CACTTTCT","beta"
"human3_lib3.final_cell_0550","GATTTAACAG-ATGCGGAT","alpha"
"human3_lib3.final_cell_0551","CGTATTTC-GTACACTC","acinar"
"human3_lib3.final_cell_0552","GATGACGGAC-TTAAGCGT","alpha"
"human3_lib3.final_cell_0553","ACTTAGGTA-GGGAACGA","beta"
"human3_lib3.final_cell_0554","AAGATGGCT-TCTGCATC","activated_stellate"
"human3_lib3.final_cell_0555","TGACCTCGTCT-GGAATAGA","beta"
"human3_lib3.final_cell_0556","AATATACCT-GAATACGC","beta"
"human3_lib3.final_cell_0557","GATTAGAC-ACTAGCCA","alpha"
"human3_lib3.final_cell_0558","CCAACCGT-GTTCTGTT","ductal"
"human3_lib3.final_cell_0559","CATCGCAG-GGCATGCT","alpha"
"human3_lib3.final_cell_0560","GATTAGAC-TTCGTTCC","acinar"
"human3_lib3.final_cell_0561","ATCTAGCAG-TGTCTTTC","alpha"
"human3_lib3.final_cell_0562","GAACACTAAG-AATGACCC","gamma"
"human3_lib3.final_cell_0563","ACCGTGTTT-GACGATGG","delta"
"human3_lib3.final_cell_0564","TGACTGTTCTT-AAGTAATC","activated_stellate"
"human3_lib3.final_cell_0565","GAAAGCGTAC-CGTACCTA","alpha"
"human3_lib3.final_cell_0566","GACCTATTCA-GGTCTGAC","alpha"
"human3_lib3.final_cell_0567","TAAATAGG-CAGTCCCT","alpha"
"human3_lib3.final_cell_0568","GAATCAAGTG-GCGTTGCT","alpha"
"human3_lib3.final_cell_0569","GACCTATTCA-AATGAATG","alpha"
"human3_lib3.final_cell_0570","AGTTTACGT-ATGTTGGC","acinar"
"human3_lib3.final_cell_0571","TACTTGTG-GGTTAGTG","alpha"
"human3_lib3.final_cell_0572","GACGTACCTA-CAACAAAT","delta"
"human3_lib3.final_cell_0573","TGAGGAATAGA-CTCAGAAT","alpha"
"human3_lib3.final_cell_0574","TTAAGCGT-AAACTGGT","beta"
"human3_lib3.final_cell_0575","AAATGAATG-TTCCAGAC","alpha"
"human3_lib3.final_cell_0576","GAGAGAGTAT-AAATCAGA","ductal"
"human3_lib3.final_cell_0577","GATGGAGGAG-AGGCAACG","alpha"
"human3_lib3.final_cell_0578","GAATTGGGCC-TTGGCGTT","alpha"
"human3_lib3.final_cell_0579","ACCCTAACC-TTAAACTG","beta"
"human3_lib3.final_cell_0580","TGACTCGATGC-TGAAATGA","alpha"
"human3_lib3.final_cell_0581","AAATCGGGT-CGAACGTA","quiescent_stellate"
"human3_lib3.final_cell_0582","AATGTTTG-GTTTGTTT","alpha"
"human3_lib3.final_cell_0583","GATAGTGTTT-AGCACCAC","beta"
"human3_lib3.final_cell_0584","TGAGATTTACC-GAAGTGCC","delta"
"human3_lib3.final_cell_0585","TACCGGCA-AACCCTTG","alpha"
"human3_lib3.final_cell_0586","GACCTACTAG-AAACTGGT","acinar"
"human3_lib3.final_cell_0587","GATAACCATC-AGGAGCTT","alpha"
"human3_lib3.final_cell_0588","TGACTTCGCAC-ACTTCAAT","ductal"
"human3_lib3.final_cell_0589","ATTGTGACT-CCCATAGC","beta"
"human3_lib3.final_cell_0590","GAAGTGATGC-TGACGGAC","alpha"
"human3_lib3.final_cell_0591","AGCAACCTG-TTAGGACC","beta"
"human3_lib3.final_cell_0592","GGCATGCT-GCTTACCT","beta"
"human3_lib3.final_cell_0593","GAGTTAACCA-GTCCGTAC","acinar"
"human3_lib3.final_cell_0594","TGACTAGTAAC-AGGATTCA","beta"
"human3_lib3.final_cell_0595","TGATGTCTTTC-CCACATTA","alpha"
"human3_lib3.final_cell_0596","GATTAAACTG-ATATCTTC","endothelial"
"human3_lib3.final_cell_0597","GATCCCAATC-AAAGTCGG","ductal"
"human3_lib3.final_cell_0598","TGACCAGT-GCAAAGCC","alpha"
"human3_lib3.final_cell_0599","TGACCTGTTAT-AAGTAATC","alpha"
"human3_lib3.final_cell_0600","ATCTAGCAG-CCAACCGT","alpha"
"human3_lib3.final_cell_0601","TGACTCAGAAT-AGACACCA","alpha"
"human3_lib3.final_cell_0602","TGATGTCTTTC-GTACACTC","delta"
"human3_lib3.final_cell_0603","TGACTCGCGTA-TCCCGTAG","acinar"
"human3_lib3.final_cell_0604","AGTTACCGC-GAAGGCTT","beta"
"human3_lib3.final_cell_0605","GATTCCGAGT-GCAGGGTA","beta"
"human3_lib3.final_cell_0606","GTAACGTT-ATCTTTGT","alpha"
"human3_lib3.final_cell_0607","GACAAGAGGG-TGACCCTC","acinar"
"human3_lib3.final_cell_0608","GCAGCATG-AGCAGAAC","activated_stellate"
"human3_lib3.final_cell_0609","TGATTGTTTAC-TCTAGCAG","alpha"
"human3_lib3.final_cell_0610","GATTAGAC-AGCGAAGT","acinar"
"human3_lib3.final_cell_0611","TGAAGAAGTTA-TACCAGGC","alpha"
"human3_lib3.final_cell_0612","CCCATCTG-TGTGGCTA","alpha"
"human3_lib3.final_cell_0613","GGATAAAG-TTAGTCCG","acinar"
"human3_lib3.final_cell_0614","GAGTTTCG-GATTGCGA","gamma"
"human3_lib3.final_cell_0615","GATCGTTT-TGCAAGGG","alpha"
"human3_lib3.final_cell_0616","TGCGTATC-ACACTAAG","alpha"
"human3_lib3.final_cell_0617","GAGAAGGCTT-TGGTATGA","acinar"
"human3_lib3.final_cell_0618","GAGGGAACCT-GGAATAGA","alpha"
"human3_lib3.final_cell_0619","GATTAGAC-TAGTGTTT","alpha"
"human3_lib3.final_cell_0620","TCATCCTT-TCCGTCCA","alpha"
"human3_lib3.final_cell_0621","TGATGTTTGAG-GCAAGGAC","epsilon"
"human3_lib3.final_cell_0622","TGATGCCC-AACCCTTG","alpha"
"human3_lib3.final_cell_0623","CGACGTCA-CCCTAACC","alpha"
"human3_lib3.final_cell_0624","GAACTAGGAT-TGCGTATC","alpha"
"human3_lib3.final_cell_0625","TTCGGCCT-CTCCGCAT","delta"
"human3_lib3.final_cell_0626","GGAAACAG-CTACCGTT","ductal"
"human3_lib3.final_cell_0627","TGAGCGCATTC-TGTGTCCT","alpha"
"human3_lib3.final_cell_0628","TGACATACATT-GGGAGGTA","ductal"
"human3_lib3.final_cell_0629","TGATGTGGCTA-CCCTTGGT","beta"
"human3_lib3.final_cell_0630","GATGACGGAC-GAAGTGCC","alpha"
"human3_lib3.final_cell_0631","ATCTTTGT-CTTCGCAC","alpha"
"human3_lib3.final_cell_0632","GAATGGGCAC-GGCCCTTA","alpha"
"human3_lib3.final_cell_0633","TGATCCAGTCC-AACAATCC","alpha"
"human3_lib3.final_cell_0634","GATGTTCCAG-GGACTTCC","beta"
"human3_lib3.final_cell_0635","TCGAAGCT-CGGCACAT","alpha"
"human3_lib3.final_cell_0636","GGAAACAG-CAACGTGG","alpha"
"human3_lib3.final_cell_0637","GCAGCATG-TATTGCCT","acinar"
"human3_lib3.final_cell_0638","TGAGGGAAATC-AACTTAGC","ductal"
"human3_lib3.final_cell_0639","TCCTTATT-CCTGTTAT","endothelial"
"human3_lib3.final_cell_0640","GGCCCTTA-CGGACAAC","ductal"
"human3_lib3.final_cell_0641","CTTCGATT-GTTAACCA","acinar"
"human3_lib3.final_cell_0642","CTTTCTTT-CGAGATGT","acinar"
"human3_lib3.final_cell_0643","TGATTAGTCCG-TTGATCTA","alpha"
"human3_lib3.final_cell_0644","GTAACGTT-TTCGTTCC","alpha"
"human3_lib3.final_cell_0645","TGAGAGTTCAC-TTAAGCGT","alpha"
"human3_lib3.final_cell_0646","ACTAGATTG-TATTGCCT","acinar"
"human3_lib3.final_cell_0647","GATCTGTGGT-TTGATCTA","alpha"
"human3_lib3.final_cell_0648","ACCTTCTT-GGGTTGGT","alpha"
"human3_lib3.final_cell_0649","GACTTCTTCG-GTTACCGC","activated_stellate"
"human3_lib3.final_cell_0650","TGATCCCGTAG-ATCAAGTG","alpha"
"human3_lib3.final_cell_0651","GCTTACCT-CGAATAAT","acinar"
"human3_lib3.final_cell_0652","AAATCGGGT-TGATAACA","alpha"
"human3_lib3.final_cell_0653","TGATCCCGTAG-GCCACATC","beta"
"human3_lib3.final_cell_0654","AGCACCAC-CGACGTCA","ductal"
"human3_lib3.final_cell_0655","AAAACGCCT-TGCCATCG","alpha"
"human3_lib3.final_cell_0656","TCCAGGGA-TGATGCCC","beta"
"human3_lib3.final_cell_0657","TGAATACCCAG-TGCCTCAC","alpha"
"human3_lib3.final_cell_0658","TAACTACT-CGGCTTAC","alpha"
"human3_lib3.final_cell_0659","TACTTGTG-ACTGAGTT","alpha"
"human3_lib3.final_cell_0660","TGATGCCC-CTTAGGTA","beta"
"human3_lib3.final_cell_0661","AATGTTTG-CTTCAGGT","acinar"
"human3_lib3.final_cell_0662","CTTTAATC-TGTGTCCT","alpha"
"human3_lib3.final_cell_0663","AAGCGAAGT-TGTTTGAG","alpha"
"human3_lib3.final_cell_0664","AGTTTACGT-ATACTCTT","acinar"
"human3_lib3.final_cell_0665","GTTTGTTT-TCTCAACC","delta"
"human3_lib3.final_cell_0666","GAGCGTTGCT-TGACGGAC","alpha"
"human3_lib3.final_cell_0667","ACTCCGCAT-GATGTATT","alpha"
"human3_lib3.final_cell_0668","GAATGGAAAT-GCAACCTG","alpha"
"human3_lib3.final_cell_0669","GACGACTCCT-ATATAGGA","activated_stellate"
"human3_lib3.final_cell_0670","TGAATACCCAG-ATGTTGGC","beta"
"human3_lib3.final_cell_0671","TCATCCTT-GAGTTCAC","beta"
"human3_lib3.final_cell_0672","TGATATTGCCT-TGTGCTCA","alpha"
"human3_lib3.final_cell_0673","TGACTGTTCTT-CTAGTAAC","delta"
"human3_lib3.final_cell_0674","TGACCATTACT-ATTTCCGG","ductal"
"human3_lib3.final_cell_0675","TGACCATTACT-CTCGATGC","beta"
"human3_lib3.final_cell_0676","CTTCAGGT-AAGCTTCT","alpha"
"human3_lib3.final_cell_0677","GAACTGCCGT-GATCTCGG","ductal"
"human3_lib3.final_cell_0678","TGATGTTTGAG-AATGACCC","alpha"
"human3_lib3.final_cell_0679","TGATATTGCCT-ACGCTCAG","alpha"
"human3_lib3.final_cell_0680","GATTTAACAG-GATGTATT","acinar"
"human3_lib3.final_cell_0681","TCCAGGGA-CTAGATTG","gamma"
"human3_lib3.final_cell_0682","TGCTATTT-TGTGTCCT","activated_stellate"
"human3_lib3.final_cell_0683","GAGCGTTGCT-CAGGTGTC","beta"
"human3_lib3.final_cell_0684","AAGCGCCTT-TGGTATGA","acinar"
"human3_lib3.final_cell_0685","GTGTAACC-GTGGATGG","acinar"
"human3_lib3.final_cell_0686","TGACTAGTAAC-AGCTATGA","alpha"
"human3_lib3.final_cell_0687","TAGTCTAG-CCGCAACT","beta"
"human3_lib3.final_cell_0688","AGATGTATT-TTGATCTA","alpha"
"human3_lib3.final_cell_0689","TTTGTGTC-AGACACCA","beta"
"human3_lib3.final_cell_0690","CGGCACAT-AGAAGTCC","beta"
"human3_lib3.final_cell_0691","TGAGGCTACTA-ATATACCT","alpha"
"human3_lib3.final_cell_0692","TGAGTACACTC-GGGAAGGT","alpha"
"human3_lib3.final_cell_0693","GACGCTAGTC-TCGACGGT","ductal"
"human3_lib3.final_cell_0694","ACAGATTAC-TCCAGGGA","ductal"
"human3_lib3.final_cell_0695","GAATGGGCAC-CGGGTAGT","activated_stellate"
"human3_lib3.final_cell_0696","GATAGTGTTT-ATTTCCGG","acinar"
"human3_lib3.final_cell_0697","TGATGTGGCTA-AGAGACTA","beta"
"human3_lib3.final_cell_0698","ATTTATCAC-CCCAAGCA","beta"
"human3_lib3.final_cell_0699","TGAGCAGGGTA-ACCACGCT","acinar"
"human3_lib3.final_cell_0700","ACCTTCTT-CTCAGAAT","beta"
"human3_lib3.final_cell_0701","GACACGGACT-GCCGGATT","alpha"
"human3_lib3.final_cell_0702","TGAGACAACTT-CCCTTGGT","activated_stellate"
"human3_lib3.final_cell_0703","GATCTGTGGT-TTGTCGCC","acinar"
"human3_lib3.final_cell_0704","GAGTCCAAAG-TGGCCTGT","alpha"
"human3_lib3.final_cell_0705","GACTGTCTGG-GACGATGG","ductal"
"human3_lib3.final_cell_0706","ATTTCCGG-TCCAGGGA","beta"
"human3_lib3.final_cell_0707","TTTGTGTC-TCCTTATT","alpha"
"human3_lib3.final_cell_0708","GATGTAGTTT-GGCATGCT","alpha"
"human3_lib3.final_cell_0709","ATTGATTCT-TGCGTATC","beta"
"human3_lib3.final_cell_0710","TGAAGCGTAGG-GGGTTGGT","alpha"
"human3_lib3.final_cell_0711","GAACCACGCT-AGCTATGA","alpha"
"human3_lib3.final_cell_0712","TTATCTGT-CGAGTCTG","acinar"
"human3_lib3.final_cell_0713","GATGTAGTTT-CAAGTCAT","alpha"
"human3_lib3.final_cell_0714","TGAGTAATCCC-GTTTGTTT","alpha"
"human3_lib3.final_cell_0715","GACCCATAGC-AATTCCCA","alpha"
"human3_lib3.final_cell_0716","AGCAAAGCC-TCGACGGT","beta"
"human3_lib3.final_cell_0717","AAATCAGA-AGCGTAGG","alpha"
"human3_lib3.final_cell_0718","AACTCACCG-CGTCAGCA","beta"
"human3_lib3.final_cell_0719","AGGTCACAG-ACTGAGTT","ductal"
"human3_lib3.final_cell_0720","GAGGGAGGTA-TGTTTGAG","alpha"
"human3_lib3.final_cell_0721","TGAATACCCAG-GGAGAAGC","alpha"
"human3_lib3.final_cell_0722","GATCTCAACC-TCGTCATG","ductal"
"human3_lib3.final_cell_0723","GACATCTCCC-AGACACCA","acinar"
"human3_lib3.final_cell_0724","GCTTACCT-CGGACAAC","ductal"
"human3_lib3.final_cell_0725","ACTTCAAT-ACGTATAC","acinar"
"human3_lib3.final_cell_0726","AGGCAACG-CTGCGTTG","acinar"
"human3_lib3.final_cell_0727","TTATCTGT-GAGCCCAT","beta"
"human3_lib3.final_cell_0728","GACCTATTCA-GAATTCGT","acinar"
"human3_lib3.final_cell_0729","CATCGCAG-TGATGCCC","alpha"
"human3_lib3.final_cell_0730","GATACCAGGC-CATACATT","alpha"
"human3_lib3.final_cell_0731","GACCTATTCA-CACAACAG","ductal"
"human3_lib3.final_cell_0732","AGCAACCTG-CGCTCTCA","alpha"
"human3_lib3.final_cell_0733","GAGAGCCCAT-CTGAGTGC","alpha"
"human3_lib3.final_cell_0734","GATGAAATGA-CGTACCTA","activated_stellate"
"human3_lib3.final_cell_0735","ACGTGGATA-TGTAGTTT","acinar"
"human3_lib3.final_cell_0736","ATTTATCAC-GTACACTC","acinar"
"human3_lib3.final_cell_0737","TGAGTAATCCC-TTATAGCC","alpha"
"human3_lib3.final_cell_0738","AGCAGAAC-TTAAACTG","acinar"
"human3_lib3.final_cell_0739","GACGTCAGCA-GTACACTC","alpha"
"human3_lib3.final_cell_0740","AGGCCTAAG-CGAGATGT","alpha"
"human3_lib3.final_cell_0741","TGACAAGTCAT-CTTTAATC","beta"
"human3_lib3.final_cell_0742","TGATTTACCCT-GACGATGG","alpha"
"human3_lib3.final_cell_0743","GGAAACAG-CTTACGGG","ductal"
"human3_lib3.final_cell_0744","TGAGCCACATC-AATGAATG","endothelial"
"human3_lib3.final_cell_0745","GGCATGCT-CCCATAGC","acinar"
"human3_lib3.final_cell_0746","TGGTATGA-TGTGGCTA","alpha"
"human3_lib3.final_cell_0747","CTATAGAG-ATTTCCGG","ductal"
"human3_lib3.final_cell_0748","AACGAAACG-GCAGGGTA","ductal"
"human3_lib3.final_cell_0749","GATGGGATTC-CGTGGATA","ductal"
"human3_lib3.final_cell_0750","TGAGGTCTGAC-TGACCAGT","alpha"
"human3_lib3.final_cell_0751","TGAGATTTACC-CATCGCAG","alpha"
"human3_lib3.final_cell_0752","GATTAAACTG-GTTGCACG","alpha"
"human3_lib3.final_cell_0753","TGATTGTCGCC-GGGAGGTA","macrophage"
"human3_lib3.final_cell_0754","GCTCTAGT-GGTGGGAT","ductal"
"human3_lib3.final_cell_0755","TTCCGCTC-ATCAAGTG","alpha"
"human3_lib3.final_cell_0756","AAGCTATGA-TTCGTTCC","alpha"
"human3_lib3.final_cell_0757","TAGCTTAT-GACAACTT","alpha"
"human3_lib3.final_cell_0758","GACCTGACAC-TACTTGTG","alpha"
"human3_lib3.final_cell_0759","ATTGTGACT-GGGAACGA","activated_stellate"
"human3_lib3.final_cell_0760","GCTTTGGC-GGCATGCT","alpha"
"human3_lib3.final_cell_0761","GAATTGGGCC-GCGCATTC","alpha"
"human3_lib3.final_cell_0762","AACGGTAGC-TTCCGAGT","ductal"
"human3_lib3.final_cell_0763","ATGGCCTGT-TGCGTATC","alpha"
"human3_lib3.final_cell_0764","GACGGGCTTT-GAATACGC","alpha"
"human3_lib3.final_cell_0765","ATTGATTCT-CTTGGTGT","alpha"
"human3_lib3.final_cell_0766","GAACCACGCT-AACAATCC","ductal"
"human3_lib3.final_cell_0767","AATTCAGTA-CATCGCAG","alpha"
"human3_lib3.final_cell_0768","GATGGGATTC-TCCAGTCC","alpha"
"human3_lib3.final_cell_0769","GACCTACTAG-GCACCTCT","alpha"
"human3_lib3.final_cell_0770","TGAGCAGGGTA-CCTCGTCT","alpha"
"human3_lib3.final_cell_0771","GATACAAACT-TCGACGGT","alpha"
"human3_lib3.final_cell_0772","GATTGATCTA-TCCAGGGA","alpha"
"human3_lib3.final_cell_0773","TGACACAACAG-CTATAGAG","alpha"
"human3_lib3.final_cell_0774","AACTGAGTT-GGGAAATC","endothelial"
"human3_lib3.final_cell_0775","AACTGAGTT-CTAGATTG","beta"
"human3_lib3.final_cell_0776","GAATTCCTTG-CGAGTCTG","beta"
"human3_lib3.final_cell_0777","TGATCGACACC-GGCCCTTA","ductal"
"human3_lib3.final_cell_0778","GATGACCCTC-CAACGTGG","beta"
"human3_lib3.final_cell_0779","TGACTAGTAAC-GTATGAGT","alpha"
"human3_lib3.final_cell_0780","AAAGTAATC-TCCGTCCA","beta"
"human3_lib3.final_cell_0781","GACCTATTCA-TGTTCCAG","delta"
"human3_lib3.final_cell_0782","CTTTCTTT-TACCAGGC","acinar"
"human3_lib3.final_cell_0783","TGAACATCTAT-ATGACCGA","alpha"
"human3_lib3.final_cell_0784","ATTTATCAC-GGGAGGTA","acinar"
"human3_lib3.final_cell_0785","GACCCGAATG-TTGCACGC","ductal"
"human3_lib3.final_cell_0786","TCATATGG-GAATTCGT","beta"
"human3_lib3.final_cell_0787","GAAGGCAGTT-CGGACAAC","ductal"
"human3_lib3.final_cell_0788","GATGAAATGA-TGACGGAC","gamma"
"human3_lib3.final_cell_0789","AGTTACCGC-TCCAGGGA","acinar"
"human3_lib3.final_cell_0790","AAAATCGTT-TCATGAGG","beta"
"human3_lib3.final_cell_0791","GACGACTCCT-AAGTAATC","alpha"
"human3_lib3.final_cell_0792","TGAGCAAGGAC-CCCATAGC","alpha"
"human3_lib3.final_cell_0793","TGAATGCATGG-CTCTTGAC","beta"
"human3_lib3.final_cell_0794","TGACGAGTCTG-TTTATCAC","beta"
"human3_lib3.final_cell_0795","GACCCATAGC-CGCTCTCA","acinar"
"human3_lib3.final_cell_0796","ACACTCCTC-CTACGAGC","alpha"
"human3_lib3.final_cell_0797","GATTCCGAGT-TGTGTCCT","alpha"
"human3_lib3.final_cell_0798","GAACTGCCGT-TCGGTTCG","alpha"
"human3_lib3.final_cell_0799","GCTCTAGT-AGCTACGG","alpha"
"human3_lib3.final_cell_0800","GAACGCCATT-TTGATTCT","delta"
"human3_lib3.final_cell_0801","GATGGTTTCT-TCACGTTT","alpha"
"human3_lib3.final_cell_0802","GACCTGACAC-ACGCAGAG","mast"
"human3_lib3.final_cell_0803","TTCCGCTC-GATTTACC","acinar"
"human3_lib3.final_cell_0804","GATGTTCCAG-CAGTTTGC","alpha"
"human3_lib3.final_cell_0805","GTCTCTCT-TCCGTCCA","alpha"
"human3_lib3.final_cell_0806","TGACGAGTCTG-CCCTTGGT","activated_stellate"
"human3_lib3.final_cell_0807","TCATATGG-GGGCCAAT","endothelial"
"human3_lib3.final_cell_0808","AGCAACCTG-ACAGCGGA","beta"
"human3_lib3.final_cell_0809","TGAAGCGTAGG-AAACTCGA","acinar"
"human3_lib3.final_cell_0810","AATATCTTC-TGCCTCAC","delta"
"human3_lib3.final_cell_0811","TGGCTACC-CTATAGAG","beta"
"human3_lib3.final_cell_0812","GAACCACGCT-TTGTCGCC","alpha"
"human3_lib3.final_cell_0813","GATGACCCTC-AAGGTAAT","alpha"
"human3_lib3.final_cell_0814","GATCGGTTTA-AATTCCCA","alpha"
"human3_lib3.final_cell_0815","TGATTGTCGCC-AAGATTGT","beta"
"human3_lib3.final_cell_0816","TGAGCAAGGAC-TTGGATCG","endothelial"
"human3_lib3.final_cell_0817","TGAGGAATAGA-ATGTTGGC","alpha"
"human3_lib3.final_cell_0818","GATACCAGGC-CTACTTGT","acinar"
"human3_lib3.final_cell_0819","AGTGTCGGA-ATTGGGCC","mast"
"human3_lib3.final_cell_0820","GCAGCATG-GGTTAGTG","ductal"
"human3_lib3.final_cell_0821","GACAGTCCCT-CGCTAATA","alpha"
"human3_lib3.final_cell_0822","GACCCATAGC-CAGTCCCT","endothelial"
"human3_lib3.final_cell_0823","ACAGATTAC-CATCGCAG","ductal"
"human3_lib3.final_cell_0824","ACCTTCTT-TAGCCTCG","alpha"
"human3_lib3.final_cell_0825","TGAAACAATCC-CCTCGTCT","alpha"
"human3_lib3.final_cell_0826","GATAGTGTTT-GCAACCTG","alpha"
"human3_lib3.final_cell_0827","GATTAGAC-CCAACCGT","alpha"
"human3_lib3.final_cell_0828","GATGACCCTC-GTACACTC","alpha"
"human3_lib3.final_cell_0829","GATCTCACTT-GATTGCGA","delta"
"human3_lib3.final_cell_0830","GAGACAGATA-CGTCAGCA","quiescent_stellate"
"human3_lib3.final_cell_0831","TGGTATGA-AGAGACTA","alpha"
"human3_lib3.final_cell_0832","GATCCGTCCA-AAGATTGT","beta"
"human3_lib3.final_cell_0833","AAGCTACGG-CCATTTGA","ductal"
"human3_lib3.final_cell_0834","TGAGGCTACTA-TCATGAGG","alpha"
"human3_lib3.final_cell_0835","TGGTATGA-AGAAGTCC","endothelial"
"human3_lib3.final_cell_0836","TGAGAGGCTGA-CTAGATTG","alpha"
"human3_lib3.final_cell_0837","GACAATTAGT-TTCACATA","alpha"
"human3_lib3.final_cell_0838","TGACTAGTAAC-TGCTCCGT","alpha"
"human3_lib3.final_cell_0839","ATTGTGACT-CACTCCTC","alpha"
"human3_lib3.final_cell_0840","GTAACGTT-GTTAACCA","acinar"
"human3_lib3.final_cell_0841","ATCACGTTT-GAAGGCTT","endothelial"
"human3_lib3.final_cell_0842","TGAATGAAGCA-GTTACCGC","ductal"
"human3_lib3.final_cell_0843","GAATTCCTTG-ACTTCAAT","alpha"
"human3_lib3.final_cell_0844","GATGGGATTC-GTAATCCC","beta"
"human3_lib3.final_cell_0845","GACGATTGAT-GGGAGGTA","beta"
"human3_lib3.final_cell_0846","ACCCTAACC-GGGCCAAT","alpha"
"human3_lib3.final_cell_0847","AAGCTATGA-CTACTTGT","beta"
"human3_lib3.final_cell_0848","TGAATACCCAG-GTAACGTT","alpha"
"human3_lib3.final_cell_0849","TGACTTGGTGT-CCGTGTTT","beta"
"human3_lib3.final_cell_0850","GAACAGCGGA-CTTCTGGA","beta"
"human3_lib3.final_cell_0851","GAGAATTCGT-ACTGCCGT","acinar"
"human3_lib3.final_cell_0852","TGAGGGAAATC-AGTGAAAG","beta"
"human3_lib3.final_cell_0853","ACGTGGATA-GGCGGTTT","beta"
"human3_lib3.final_cell_0854","AACTGAGTT-TGTAAAGG","beta"
"human3_lib3.final_cell_0855","AGGCCTAAG-ATTCCTTG","macrophage"
"human3_lib3.final_cell_0856","GGCATGCT-TCGGTTTA","quiescent_stellate"
"human3_lib3.final_cell_0857","TGATTCACATA-TTAAACTG","alpha"
"human3_lib3.final_cell_0858","TGCCTCAC-TGCCTCAC","ductal"
"human3_lib3.final_cell_0859","TGAGCCGGATT-GATTTACC","ductal"
"human3_lib3.final_cell_0860","TCATCCTT-ACCCACGA","endothelial"
"human3_lib3.final_cell_0861","TGCCTCAC-CCCGAATG","beta"
"human3_lib3.final_cell_0862","TGAAACAATCC-AATGTTTG","quiescent_stellate"
"human3_lib3.final_cell_0863","CTTCGATT-GGCTACTA","endothelial"
"human3_lib3.final_cell_0864","GATGACCCTC-CACTCCTC","alpha"
"human3_lib3.final_cell_0865","TGACATACATT-CTTCTGGA","alpha"
"human3_lib3.final_cell_0866","TGACGTAGAAG-AAGCGTAC","t_cell"
"human3_lib3.final_cell_0867","CTTTCTTT-CCCTTCAG","alpha"
"human3_lib3.final_cell_0868","GAGGCGTTAG-TAGTGGAC","alpha"
"human3_lib3.final_cell_0869","AGGTGACAC-GAGTTCAC","beta"
"human3_lib3.final_cell_0870","GGAGAAGC-TTGATTCT","beta"
"human3_lib3.final_cell_0871","GACCTATTCA-AGCGTAGG","beta"
"human3_lib3.final_cell_0872","GAGCGGTA-TTGAGGGT","beta"
"human3_lib3.final_cell_0873","GAGAGAATTG-CGAACGTA","beta"
"human3_lib3.final_cell_0874","ACTACTTGT-GATTGCGA","alpha"
"human3_lib3.final_cell_0875","AGATGTATT-CGCCTTGA","alpha"
"human3_lib3.final_cell_0876","GATGTGCTCA-AAATGTCG","acinar"
"human3_lib3.final_cell_0877","GGGTTGGT-TTAAGCGT","beta"
"human3_lib3.final_cell_0878","GATTTAACAG-CCTGACAC","beta"
"human3_lib3.final_cell_0879","ATTGATTCT-TGACGGAC","beta"
"human3_lib3.final_cell_0880","AGCCTCTTT-TCATGAGG","quiescent_stellate"
"human3_lib3.final_cell_0881","GATTGGCGTT-GGGAAGGT","delta"
"human3_lib3.final_cell_0882","GAACACTAAG-TAAATAGG","endothelial"
"human3_lib3.final_cell_0883","TGAATACCCAG-ACATCTAT","macrophage"
"human3_lib3.final_cell_0884","GAACACTAAG-CCTATTCA","ductal"
"human3_lib3.final_cell_0885","GATGAAATGA-TCTCACTT","mast"
"human3_lib3.final_cell_0886","CATCGCAG-AGGCAACG","alpha"
"human3_lib3.final_cell_0887","GACCACATTA-CTACTTGT","acinar"
"human3_lib3.final_cell_0888","TAGCTTAT-GAGAATTG","beta"
"human3_lib3.final_cell_0889","TGCGACAG-CTTACTCC","endothelial"
"human3_lib3.final_cell_0890","ACCGCAACT-TGTGGCTA","quiescent_stellate"
"human3_lib3.final_cell_0891","GATAAGACGG-TCGAAGCT","alpha"
"human3_lib3.final_cell_0892","GAACAGCGGA-GAGAATTG","beta"
"human3_lib3.final_cell_0893","TTATAGCC-TAAATAGG","beta"
"human3_lib3.final_cell_0894","ATCATGAGG-GGCGTTAG","quiescent_stellate"
"human3_lib3.final_cell_0895","ACCCGACTT-CCTACTAG","acinar"
"human3_lib3.final_cell_0896","GATTTAACAG-GGAAACAG","t_cell"
"human3_lib3.final_cell_0897","TGGCTACC-CACAGTTT","beta"
"human3_lib3.final_cell_0898","GATGTTCCAG-TGCAAGGG","endothelial"
"human3_lib3.final_cell_0899","TTTGTGTC-AGCTATGA","beta"
"human3_lib3.final_cell_0900","TGAGAGTTCAC-ATGTTGGC","beta"
"human3_lib3.final_cell_0901","AGGCCTAAG-CTGTCTGG","quiescent_stellate"
"human3_lib3.final_cell_0902","TGACTACCGTT-CTCGATGC","delta"
"human3_lib3.final_cell_0903","ACCTTGCC-CTGAGTGC","beta"
"human3_lib3.final_cell_0904","GACTTCTTCG-GGCTACTA","endothelial"
"human3_lib3.final_cell_0905","ATGTGTCCT-ACCACGCT","beta"
"human3_lib3.final_cell_0906","TGAGAGGCTGA-TTCGTTCC","beta"
"human3_lib3.final_cell_0907","TGATCCCTGAT-AACCTGAC","delta"
"human3_lib3.final_cell_0908","GAACCACGCT-GCTCTAGT","macrophage"
"human3_lib3.final_cell_0909","TAGTCTAG-AGAAGTCC","beta"
"human3_lib3.final_cell_0910","ACTTCAAT-TCTGCATC","beta"
"human3_lib3.final_cell_0911","TGACTACCGTT-CGTATCGG","beta"
"human3_lib3.final_cell_0912","ACGTATAC-CGAGTCTG","beta"
"human3_lib3.final_cell_0913","TGATCCCTGAT-TGGTTTCT","endothelial"
"human3_lib3.final_cell_0914","CGCTAATA-GGGCCAAT","beta"
"human3_lib3.final_cell_0915","GTACCTTG-CGAATAAT","activated_stellate"
"human3_lib3.final_cell_0916","TGAACATCTAT-AGGCAGTT","beta"
"human3_lib3.final_cell_0917","ACCCTAACC-CTTCTTCG","alpha"
"human3_lib3.final_cell_0918","GCTTTGGC-TGATAACA","beta"
"human3_lib3.final_cell_0919","CTTCAGGT-CCGCTGTT","endothelial"
"human3_lib3.final_cell_0920","GTACCTTG-CTCCGCAT","quiescent_stellate"
"human3_lib3.final_cell_0921","GATAACCATC-TTTGTGTC","ductal"
"human3_lib3.final_cell_0922","TGACGAGTCTG-GCTCTAGT","endothelial"
"human3_lib3.final_cell_0923","AGGGCCAAT-ATTCAGTA","endothelial"
"human3_lib3.final_cell_0924","AAAACTCGA-AAGCTTCT","beta"
"human3_lib3.final_cell_0925","GACATCTCCC-AAGTAATC","endothelial"
"human3_lib3.final_cell_0926","CTTCAGGT-GCCACATC","beta"
"human3_lib3.final_cell_0927","TGACAATACTT-GGGAACGA","beta"
"human3_lib3.final_cell_0928","GATTTAACAG-CGTACCTA","alpha"
"human3_lib3.final_cell_0929","GACCTACTAG-GTCATATT","beta"
"human3_lib3.final_cell_0930","GAGGCGTTAG-AGAAGTCC","beta"
"human3_lib3.final_cell_0931","CTTCAGGT-GTTCTGTT","endothelial"
"human3_lib3.final_cell_0932","TGACCAGCAGT-ATTCAGTA","beta"
"human3_lib3.final_cell_0933","GACTAGACCC-TACGTGCT","endothelial"
"human3_lib3.final_cell_0934","GCATGGGT-GATCTCGG","beta"
"human3_lib4.final_cell_0001","ACTTAGGTA-AAGCTTCT","acinar"
"human3_lib4.final_cell_0002","GACACGGACT-GGGAAATC","acinar"
"human3_lib4.final_cell_0003","ATTGGATCG-TGGAGGAG","acinar"
"human3_lib4.final_cell_0004","CGAACGTA-TGTCTTTC","acinar"
"human3_lib4.final_cell_0005","TTGGACTT-GTTAACCA","acinar"
"human3_lib4.final_cell_0006","GAGTTGTCAT-CGGACAAC","acinar"
"human3_lib4.final_cell_0007","AATTCAGTA-AATGAATG","acinar"
"human3_lib4.final_cell_0008","GAGGGAGGTA-GGAAACAG","acinar"
"human3_lib4.final_cell_0009","GACCTATTCA-GTTAACCA","acinar"
"human3_lib4.final_cell_0010","TGAATATAGGA-CGAATAAT","acinar"
"human3_lib4.final_cell_0011","TAACTACT-CGTACCTA","acinar"
"human3_lib4.final_cell_0012","TGATGTTTGAG-ACGTATAC","acinar"
"human3_lib4.final_cell_0013","TGAAGGTTGTG-AGGTTGTG","acinar"
"human3_lib4.final_cell_0014","AAAGGTAAT-AGCTATGA","acinar"
"human3_lib4.final_cell_0015","GGAAACAG-TTGATCTA","acinar"
"human3_lib4.final_cell_0016","ATCCGCTA-TAAGACGG","acinar"
"human3_lib4.final_cell_0017","TGATGTGGCTA-TCCGTCCA","acinar"
"human3_lib4.final_cell_0018","AACTCACCG-TGTGTCCT","acinar"
"human3_lib4.final_cell_0019","CGACGTCA-GATGTGAG","acinar"
"human3_lib4.final_cell_0020","TGAGGGAAATC-CAGACCAT","acinar"
"human3_lib4.final_cell_0021","CGAACGTA-ACGTATAC","acinar"
"human3_lib4.final_cell_0022","GAACGCCATT-GAGAATTG","acinar"
"human3_lib4.final_cell_0023","ACAACGTGG-ATGAAGCA","acinar"
"human3_lib4.final_cell_0024","ACAACGTGG-GAGTTCAC","acinar"
"human3_lib4.final_cell_0025","ATCCGCTA-CGAACGTA","acinar"
"human3_lib4.final_cell_0026","TCGAAGCT-GTGGAGCT","acinar"
"human3_lib4.final_cell_0027","TGAAGCGTAGG-AGACACCA","acinar"
"human3_lib4.final_cell_0028","TGATCGACACC-CTCCGCAT","acinar"
"human3_lib4.final_cell_0029","ATCTGCATC-AGCTATGA","acinar"
"human3_lib4.final_cell_0030","GATGTGAG-CCCTTCAG","delta"
"human3_lib4.final_cell_0031","ACCTTGCC-TGAGGTCT","acinar"
"human3_lib4.final_cell_0032","GAATTCCTTG-CAATACTT","acinar"
"human3_lib4.final_cell_0033","AACTGAGTT-TTGCATAT","acinar"
"human3_lib4.final_cell_0034","AATATCTTC-CATACATT","acinar"
"human3_lib4.final_cell_0035","TGACTACCGTT-CGACTCCT","acinar"
"human3_lib4.final_cell_0036","ACCCACGA-AGTTTAGA","acinar"
"human3_lib4.final_cell_0037","TCCAGGGA-CCCAAGCA","acinar"
"human3_lib4.final_cell_0038","TGAATACCCAG-TGATAACA","acinar"
"human3_lib4.final_cell_0039","GACGAATAAT-AACACACG","acinar"
"human3_lib4.final_cell_0040","AGGGCCAAT-ACCACGCT","beta"
"human3_lib4.final_cell_0041","TGAGGGAAATC-GACGATGG","acinar"
"human3_lib4.final_cell_0042","GATGGAGGAG-TGCGACAG","beta"
"human3_lib4.final_cell_0043","GGAGAAGC-TGGAGGAG","acinar"
"human3_lib4.final_cell_0044","TCATATGG-CGGGTAGT","acinar"
"human3_lib4.final_cell_0045","ATTTGGGAG-CACAAGGC","alpha"
"human3_lib4.final_cell_0046","AGTATGAGT-GAATTCGT","acinar"
"human3_lib4.final_cell_0047","TGAGCAAGGAC-TGCAAGGG","delta"
"human3_lib4.final_cell_0048","CTTCAGGT-GATCGTTT","acinar"
"human3_lib4.final_cell_0049","TGACGTAGAAG-CACGGACT","acinar"
"human3_lib4.final_cell_0050","GATCGGTTTA-GCGCATTC","delta"
"human3_lib4.final_cell_0051","TGACCAGT-CGTGCTAG","acinar"
"human3_lib4.final_cell_0052","AAATCGGGT-AATGAATG","ductal"
"human3_lib4.final_cell_0053","GATCTGTGGT-GGTTTCTC","acinar"
"human3_lib4.final_cell_0054","TGAACGCTCAG-CAACGTGG","acinar"
"human3_lib4.final_cell_0055","GATACCAGGC-TGTCTTTC","acinar"
"human3_lib4.final_cell_0056","CGAACGTA-TGCGACAG","acinar"
"human3_lib4.final_cell_0057","AGAGACTA-CAACGTGG","acinar"
"human3_lib4.final_cell_0058","AACGAAACG-GCTTTGGC","beta"
"human3_lib4.final_cell_0059","ACTTCAAT-CGAATAAT","acinar"
"human3_lib4.final_cell_0060","ACCCACGA-CGTATTTC","acinar"
"human3_lib4.final_cell_0061","TTGCATAT-CCCTAACC","acinar"
"human3_lib4.final_cell_0062","GATCGGTACG-CGACTCCT","acinar"
"human3_lib4.final_cell_0063","GACTAGACCC-AGATGGCT","acinar"
"human3_lib4.final_cell_0064","AAGATGGCT-GGAAACAG","acinar"
"human3_lib4.final_cell_0065","CTTACGGG-GTTGCACG","acinar"
"human3_lib4.final_cell_0066","GATGTTCCAG-GGGAAATC","acinar"
"human3_lib4.final_cell_0067","AGAACGATT-GTTCTGTT","delta"
"human3_lib4.final_cell_0068","AGTTTACGT-TCATGAGG","acinar"
"human3_lib4.final_cell_0069","ACGGACAAC-TATTGCCT","acinar"
"human3_lib4.final_cell_0070","GAAGGAAGAC-GGACTTCC","acinar"
"human3_lib4.final_cell_0071","GAGGGAGGTA-CACAAGGC","beta"
"human3_lib4.final_cell_0072","TCATCCTT-GCGCATTC","acinar"
"human3_lib4.final_cell_0073","CGACGTCA-GATTTACC","acinar"
"human3_lib4.final_cell_0074","GACCTGACAC-CCCGAATG","acinar"
"human3_lib4.final_cell_0075","GACTGTCTGG-GGAGAAGC","acinar"
"human3_lib4.final_cell_0076","TGAAGGAGCTT-TCCAGTCC","acinar"
"human3_lib4.final_cell_0077","GATTAAACTG-ACGCCATT","acinar"
"human3_lib4.final_cell_0078","TGATTTACCCT-CCATTACT","acinar"
"human3_lib4.final_cell_0079","AGAACGATT-TTGAGGGT","ductal"
"human3_lib4.final_cell_0080","GAGAAAGACC-AGGAGCTT","acinar"
"human3_lib4.final_cell_0081","ACCCGACTT-ATATCTTC","acinar"
"human3_lib4.final_cell_0082","AAAATCGTT-GTTAACCA","delta"
"human3_lib4.final_cell_0083","TGACGGGTAGT-TAGTGGAC","acinar"
"human3_lib4.final_cell_0084","AGTGTCGGA-TCATGAGG","alpha"
"human3_lib4.final_cell_0085","ATAGTGGAC-ATATACCT","ductal"
"human3_lib4.final_cell_0086","AATGTTTG-CCCGAATG","acinar"
"human3_lib4.final_cell_0087","ACCTTGCC-AGCAGAAC","acinar"
"human3_lib4.final_cell_0088","GAGAGAGTAT-TAAATAGG","acinar"
"human3_lib4.final_cell_0089","ACTCCGCAT-AGAACGGG","alpha"
"human3_lib4.final_cell_0090","GGAGAAGC-GGAAACAG","acinar"
"human3_lib4.final_cell_0091","ATTTATCAC-AACCTGAC","acinar"
"human3_lib4.final_cell_0092","GATAAGACGG-ATTCCTTG","beta"
"human3_lib4.final_cell_0093","TTAAGCGT-GCACCTCT","acinar"
"human3_lib4.final_cell_0094","CATCGCAG-GACGATGG","beta"
"human3_lib4.final_cell_0095","TGAAGAAGTTA-GTAATCCC","beta"
"human3_lib4.final_cell_0096","GAATGGAAAT-ACATCTAT","beta"
"human3_lib4.final_cell_0097","TGAAACAATCC-CGTATCGG","beta"
"human3_lib4.final_cell_0098","AGGTGACAC-GTCAATAC","beta"
"human3_lib4.final_cell_0099","AGCTTTCCA-TTTGTGTC","delta"
"human3_lib4.final_cell_0100","GATCGGTTTA-GTGTCGGA","ductal"
"human3_lib4.final_cell_0101","AGGCCTAAG-AGGAGCTT","acinar"
"human3_lib4.final_cell_0102","AGAGGTGG-TGTGGCTA","acinar"
"human3_lib4.final_cell_0103","ACTCCGCAT-TCCCGTAG","acinar"
"human3_lib4.final_cell_0104","TGAAACACACG-CGTACCTA","delta"
"human3_lib4.final_cell_0105","ATTTGGGAG-CCATTACT","beta"
"human3_lib4.final_cell_0106","TGATACGTGCT-TCGGTACG","acinar"
"human3_lib4.final_cell_0107","TCCAGGGA-TCGACGGT","alpha"
"human3_lib4.final_cell_0108","AGGCAACG-CACAACAG","acinar"
"human3_lib4.final_cell_0109","TTAAGCGT-GAGCCCAT","acinar"
"human3_lib4.final_cell_0110","TGCTATTT-TACTTGTG","acinar"
"human3_lib4.final_cell_0111","AGTGTCGGA-ATGACCGA","acinar"
"human3_lib4.final_cell_0112","ACGTGCTAG-CTGCGTTG","beta"
"human3_lib4.final_cell_0113","TGAAGAAGTTA-ACCTTGCC","acinar"
"human3_lib4.final_cell_0114","TGAGGGAAATC-TTATAGCC","acinar"
"human3_lib4.final_cell_0115","GACTCTTGAC-TTGATCTA","acinar"
"human3_lib4.final_cell_0116","ACGGAATTT-AATGTTTG","alpha"
"human3_lib4.final_cell_0117","AATGTTTG-GATCGTTT","beta"
"human3_lib4.final_cell_0118","TGAATGACCGA-AGGATTCA","delta"
"human3_lib4.final_cell_0119","GACGGGCTTT-GGTTAGTG","activated_stellate"
"human3_lib4.final_cell_0120","TGACTCGATGC-AGCGTAGG","acinar"
"human3_lib4.final_cell_0121","TGACTCGCGTA-AACAATCC","ductal"
"human3_lib4.final_cell_0122","AAATGACCC-CTTACTCC","acinar"
"human3_lib4.final_cell_0123","GATCTCAACC-CTCCGCAT","acinar"
"human3_lib4.final_cell_0124","TGACTACGAGC-AAAGTCGG","beta"
"human3_lib4.final_cell_0125","AAAGTAATC-ATGACCGA","acinar"
"human3_lib4.final_cell_0126","TGCGACAG-GGTGACAC","acinar"
"human3_lib4.final_cell_0127","GATGTGAG-TAGTGTTT","acinar"
"human3_lib4.final_cell_0128","TGATCGTCATG-TAACCCGT","acinar"
"human3_lib4.final_cell_0129","ACGCTCTCA-ATGGATTA","acinar"
"human3_lib4.final_cell_0130","CAGTTTGC-TAGTCTAG","delta"
"human3_lib4.final_cell_0131","TTCCGCTC-CACTCCTC","acinar"
"human3_lib4.final_cell_0132","GATTGATCTA-AATGTTTG","beta"
"human3_lib4.final_cell_0133","GAATTGGGCC-ACCCATAT","acinar"
"human3_lib4.final_cell_0134","GAACAGCGGA-AAGGTAAT","beta"
"human3_lib4.final_cell_0135","GAGGACTTCC-ACACTAAG","acinar"
"human3_lib4.final_cell_0136","TGATCACCGAG-TCTAGCAG","beta"
"human3_lib4.final_cell_0137","TTGGACTT-CTTACGGG","acinar"
"human3_lib4.final_cell_0138","ACTGCGTTG-GGATAAAG","beta"
"human3_lib4.final_cell_0139","GACCTATTCA-AGGCAACG","acinar"
"human3_lib4.final_cell_0140","GACACGGACT-TGGTTTCT","beta"
"human3_lib4.final_cell_0141","TGAGGAATAGA-CACAAGGC","beta"
"human3_lib4.final_cell_0142","TGACAAGTCAT-AACTTAGC","acinar"
"human3_lib4.final_cell_0143","TGACAGACCAT-GCAAGGAC","acinar"
"human3_lib4.final_cell_0144","GAATCAAGTG-GCACCTCT","delta"
"human3_lib4.final_cell_0145","TGATCCCGTAG-TCGACGGT","ductal"
"human3_lib4.final_cell_0146","GAAGTTTAGA-ATGAAGCA","acinar"
"human3_lib4.final_cell_0147","TGATGTCTTTC-GATCTCGG","acinar"
"human3_lib4.final_cell_0148","AGGGCCAAT-GGCGTTAG","acinar"
"human3_lib4.final_cell_0149","ACAGGTGTC-CTTCTGGA","acinar"
"human3_lib4.final_cell_0150","AGTGGATGG-ATCAAGTG","ductal"
"human3_lib4.final_cell_0151","TGAATTCGACG-GGATAAAG","alpha"
"human3_lib4.final_cell_0152","GGAGAAGC-AATGAATG","alpha"
"human3_lib4.final_cell_0153","ATTGTGACT-TCATATGG","alpha"
"human3_lib4.final_cell_0154","ATCACGTTT-TGCGTATC","alpha"
"human3_lib4.final_cell_0155","GACGCCTTGA-CGACTCCT","acinar"
"human3_lib4.final_cell_0156","ACGTATAC-AATTCCCA","alpha"
"human3_lib4.final_cell_0157","AACCCATAT-CGCTAATA","acinar"
"human3_lib4.final_cell_0158","TGATGTGGCTA-CCATTTGA","delta"
"human3_lib4.final_cell_0159","GAAGGAAGAC-CACTCCTC","beta"
"human3_lib4.final_cell_0160","CGGCACAT-ATCAGCGC","alpha"
"human3_lib4.final_cell_0161","AACTCACCG-GACAGATA","beta"
"human3_lib4.final_cell_0162","TGAATTCGACG-TCTCAACC","beta"
"human3_lib4.final_cell_0163","AAAACTCGA-AGGTTGTG","beta"
"human3_lib4.final_cell_0164","TGAGTAATCCC-TTAGTCCG","acinar"
"human3_lib4.final_cell_0165","AACCCATAT-TAAATAGG","acinar"
"human3_lib4.final_cell_0166","GACACGGACT-AACAATCC","alpha"
"human3_lib4.final_cell_0167","GATGTAAAGG-GGGTGTAT","ductal"
"human3_lib4.final_cell_0168","AACGCAGAG-AGCTACGG","alpha"
"human3_lib4.final_cell_0169","TGAGGGAAATC-TGACCAGT","beta"
"human3_lib4.final_cell_0170","ATCAGCGC-AAAGCCTA","acinar"
"human3_lib4.final_cell_0171","ATTCGTTCC-TGAAATGA","acinar"
"human3_lib4.final_cell_0172","TCCAGGGA-AGCACCAC","alpha"
"human3_lib4.final_cell_0173","ATCCGCTA-CTTTAATC","acinar"
"human3_lib4.final_cell_0174","AAATCAGA-GGAATAGA","ductal"
"human3_lib4.final_cell_0175","GACTCTTGAC-GCTTTGGC","acinar"
"human3_lib4.final_cell_0176","GAACCACGCT-CCTATTCA","acinar"
"human3_lib4.final_cell_0177","CAGTTTGC-TTTGTGTC","acinar"
"human3_lib4.final_cell_0178","GATGTAAAGG-AGAGGTGG","ductal"
"human3_lib4.final_cell_0179","GGAAACAG-TGGTTTCT","acinar"
"human3_lib4.final_cell_0180","TGATTGCACGC-CTTCTTCG","delta"
"human3_lib4.final_cell_0181","AAGTGAAAG-CCCGAATG","ductal"
"human3_lib4.final_cell_0182","TTGGACTT-ACCTTGCC","acinar"
"human3_lib4.final_cell_0183","AAAATCGTT-CAACAAAT","delta"
"human3_lib4.final_cell_0184","AGAAGTCC-ATTCAGTA","acinar"
"human3_lib4.final_cell_0185","CCGCTGTT-GTTTACGT","alpha"
"human3_lib4.final_cell_0186","GGTGGGAT-TCTAGCAG","alpha"
"human3_lib4.final_cell_0187","TGGTATGA-CTTCAGGT","acinar"
"human3_lib4.final_cell_0188","GATCGGTTTA-TGTGTCCT","beta"
"human3_lib4.final_cell_0189","GAGATTGCGA-TTAAGCGT","alpha"
"human3_lib4.final_cell_0190","TGACTAGTAAC-GGGAGGTA","acinar"
"human3_lib4.final_cell_0191","GATGTTCCAG-TGTACACG","ductal"
"human3_lib4.final_cell_0192","GAACAGCGGA-GGACTTCC","delta"
"human3_lib4.final_cell_0193","CGTATTTC-CGTGGATA","beta"
"human3_lib4.final_cell_0194","AAAACTCGA-ACTAGCCA","beta"
"human3_lib4.final_cell_0195","GAATGGAAAT-CGTATCGG","acinar"
"human3_lib4.final_cell_0196","AGGTGACAC-GGACTTCC","beta"
"human3_lib4.final_cell_0197","AAAAGCCTA-TAGTGGAC","acinar"
"human3_lib4.final_cell_0198","TGATCCCTGAT-CACTTTCT","acinar"
"human3_lib4.final_cell_0199","AACCCATAT-TGGTTTCT","acinar"
"human3_lib4.final_cell_0200","GATCTCAACC-GGTGACAC","acinar"
"human3_lib4.final_cell_0201","TGATAGAAATG-AGAAGTCC","beta"
"human3_lib4.final_cell_0202","GATGAGGTCT-CTACTTGT","delta"
"human3_lib4.final_cell_0203","GTTCAACT-AAACAGGG","delta"
"human3_lib4.final_cell_0204","CCCATCTG-TTGTTTAC","ductal"
"human3_lib4.final_cell_0205","ACTACTTGT-ACCTTGCC","beta"
"human3_lib4.final_cell_0206","TGAGCGCATTC-TAGTGGAC","alpha"
"human3_lib4.final_cell_0207","ATTAGGACC-GGGAACGA","acinar"
"human3_lib4.final_cell_0208","GATCGGTTTA-GGATAAAG","beta"
"human3_lib4.final_cell_0209","TGAGCAAGGAC-TCCAGTCC","alpha"
"human3_lib4.final_cell_0210","ACGTGCTAG-GCAAAGCC","ductal"
"human3_lib4.final_cell_0211","ACCTTGCC-CGTACCTA","acinar"
"human3_lib4.final_cell_0212","TGACCTCGTCT-AGCTATGA","delta"
"human3_lib4.final_cell_0213","TGAAAACTGGT-TTAGGACC","acinar"
"human3_lib4.final_cell_0214","ATCATGAGG-CTTGGTGT","acinar"
"human3_lib4.final_cell_0215","AAGCTACGG-AACACACG","beta"
"human3_lib4.final_cell_0216","ACTACTTGT-GTGGAGCT","alpha"
"human3_lib4.final_cell_0217","TAGTCTAG-ATTCAGTA","alpha"
"human3_lib4.final_cell_0218","TGATTCACATA-GAGAGTAT","beta"
"human3_lib4.final_cell_0219","AGAACGATT-GAAAGACC","acinar"
"human3_lib4.final_cell_0220","GATCGGTTTA-GAATACGC","gamma"
"human3_lib4.final_cell_0221","AGAAGTCC-ATACCCAG","alpha"
"human3_lib4.final_cell_0222","ATCTAGCAG-CAACAAAT","alpha"
"human3_lib4.final_cell_0223","TGACGTAGAAG-CCCGACTT","beta"
"human3_lib4.final_cell_0224","TCATCCTT-TTGTGACT","acinar"
"human3_lib4.final_cell_0225","AGTCAATAC-GTCATATT","beta"
"human3_lib4.final_cell_0226","TGAATTCGACG-AAAGCCTA","beta"
"human3_lib4.final_cell_0227","TGATCGTCATG-GGGAACGA","beta"
"human3_lib4.final_cell_0228","GGCCCTTA-GTTACCGC","acinar"
"human3_lib4.final_cell_0229","TGACGGGTAGT-TCGGTTCG","beta"
"human3_lib4.final_cell_0230","TGAGTACACTC-TCGGTTTA","delta"
"human3_lib4.final_cell_0231","ATCATGAGG-GGCATGCT","alpha"
"human3_lib4.final_cell_0232","ACGGACAAC-GTGGAGCT","ductal"
"human3_lib4.final_cell_0233","TTGGACTT-ACCTTCTT","acinar"
"human3_lib4.final_cell_0234","TGATCGACACC-TGACCCTC","acinar"
"human3_lib4.final_cell_0235","GACCTGACAC-TTGGACTT","delta"
"human3_lib4.final_cell_0236","ACCGCAACT-ACCCATAT","beta"
"human3_lib4.final_cell_0237","TACCGGCA-CTACGAGC","quiescent_stellate"
"human3_lib4.final_cell_0238","TGACTTCTGGA-CGCTAATA","alpha"
"human3_lib4.final_cell_0239","AAGAACGGG-CTACGAGC","ductal"
"human3_lib4.final_cell_0240","ATATGCAT-AGGTTGTG","beta"
"human3_lib4.final_cell_0241","AGGTCACAG-CACGGACT","alpha"
"human3_lib4.final_cell_0242","GACCACATTA-GAGGCTGA","acinar"
"human3_lib4.final_cell_0243","GATACCAGGC-TAAGACGG","beta"
"human3_lib4.final_cell_0244","TAGCCTCG-GGCATGCT","beta"
"human3_lib4.final_cell_0245","AATGCGGAT-CAATTAGT","alpha"
"human3_lib4.final_cell_0246","GATGGAGGAG-TTGATCTA","alpha"
"human3_lib4.final_cell_0247","AACCTGAC-GCCACATC","alpha"
"human3_lib4.final_cell_0248","AGGTCACAG-ATGTTGGC","alpha"
"human3_lib4.final_cell_0249","TGAAGCGCGAT-GTCGTCGT","ductal"
"human3_lib4.final_cell_0250","GAGCGTTGCT-GAAGGCTT","alpha"
"human3_lib4.final_cell_0251","TGCTATTT-ATTTCCGG","beta"
"human3_lib4.final_cell_0252","AAAACTCGA-ATGACCGA","alpha"
"human3_lib4.final_cell_0253","CGAACGTA-TGGGATTC","alpha"
"human3_lib4.final_cell_0254","AGGTCACAG-AACCCTTG","beta"
"human3_lib4.final_cell_0255","GACGTACCTA-AATCGGGT","activated_stellate"
"human3_lib4.final_cell_0256","AGTGGATGG-ATATAGGA","alpha"
"human3_lib4.final_cell_0257","ACACTCCTC-CGGGCTTT","beta"
"human3_lib4.final_cell_0258","AAATGAATG-ACTTCAAT","alpha"
"human3_lib4.final_cell_0259","GATTTAACAG-TTCGTTCC","alpha"
"human3_lib4.final_cell_0260","GAACTAGGAT-GCTTTGGC","alpha"
"human3_lib4.final_cell_0261","TAGTCTAG-GAATACGC","gamma"
"human3_lib4.final_cell_0262","ACGGACAAC-AAGCTTCT","ductal"
"human3_lib4.final_cell_0263","CGGCACAT-GAGAGTAT","beta"
"human3_lib4.final_cell_0264","TGATTGCACGC-AATGAATG","beta"
"human3_lib4.final_cell_0265","TACCGGCA-CTGTCTGG","beta"
"human3_lib4.final_cell_0266","AATATCTTC-TGAGGTCT","ductal"
"human3_lib4.final_cell_0267","GATGTGAG-CCGCAACT","ductal"
"human3_lib4.final_cell_0268","GAAGGCAGTT-TGCCTCAC","beta"
"human3_lib4.final_cell_0269","ATTGATTCT-CCCGAATG","acinar"
"human3_lib4.final_cell_0270","AGCCAAGAT-TTCACATA","acinar"
"human3_lib4.final_cell_0271","TGATGTCTTTC-CCCATAGC","ductal"
"human3_lib4.final_cell_0272","AAAACCTCC-CTTTAATC","acinar"
"human3_lib4.final_cell_0273","AGGGTGTAT-ACTCACCG","alpha"
"human3_lib4.final_cell_0274","GAGAGAGTAT-CCCATCTG","ductal"
"human3_lib4.final_cell_0275","TGAGCAGGGTA-CATACATT","beta"
"human3_lib4.final_cell_0276","AAATGACCC-AAAGCCTA","alpha"
"human3_lib4.final_cell_0277","GATGGAGGAG-TCCCGTAG","acinar"
"human3_lib4.final_cell_0278","CGCTAATA-TGTAAAGG","delta"
"human3_lib4.final_cell_0279","AATATCTTC-GTCCAAAG","beta"
"human3_lib4.final_cell_0280","TGAAAATGTCG-CGTATCGG","alpha"
"human3_lib4.final_cell_0281","GAGAATTCGT-TTTGGGAG","beta"
"human3_lib4.final_cell_0282","TACTTGTG-AAGTAATC","beta"
"human3_lib4.final_cell_0283","GATGAAATGA-TCCCGTAG","epsilon"
"human3_lib4.final_cell_0284","TTATCTGT-TGTTCCAG","ductal"
"human3_lib4.final_cell_0285","GAGTTAACCA-TGTCTTTC","beta"
"human3_lib4.final_cell_0286","TGAATATAGGA-CAAGTCAT","beta"
"human3_lib4.final_cell_0287","GAGAGCCCAT-TCATGAGG","acinar"
"human3_lib4.final_cell_0288","GAACAGCGGA-GACAAAGG","alpha"
"human3_lib4.final_cell_0289","TGAAGGTTGTG-GCGTTGCT","beta"
"human3_lib4.final_cell_0290","AATCCCACG-CCAACCGT","alpha"
"human3_lib4.final_cell_0291","TGGTATGA-CACTCCTC","beta"
"human3_lib4.final_cell_0292","ATATGCAT-CCGCTGTT","acinar"
"human3_lib4.final_cell_0293","GATTGAGGGT-CTTCTGGA","beta"
"human3_lib4.final_cell_0294","CGGCTTAC-GGACTTCC","alpha"
"human3_lib4.final_cell_0295","GAAAGCGTAC-CACAACAG","beta"
"human3_lib4.final_cell_0296","GATCCGTCCA-ATATAGGA","delta"
"human3_lib4.final_cell_0297","TGACATACATT-GATTGCGA","alpha"
"human3_lib4.final_cell_0298","AAAATCGTT-CAAGAGGG","beta"
"human3_lib4.final_cell_0299","ACGGAATTT-TTGCACGC","beta"
"human3_lib4.final_cell_0300","CTTTAATC-CAATTAGT","acinar"
"human3_lib4.final_cell_0301","TGAGGTTTCTC-CACAACAG","beta"
"human3_lib4.final_cell_0302","TTTGTGTC-CTCCGCAT","alpha"
"human3_lib4.final_cell_0303","GATCCCAATC-GCCAAGAT","activated_stellate"
"human3_lib4.final_cell_0304","ATCACGTTT-ACGCCATT","alpha"
"human3_lib4.final_cell_0305","TGACTCGCGTA-TGCAAGGG","alpha"
"human3_lib4.final_cell_0306","TGAATTCGACG-AGGTTGTG","beta"
"human3_lib4.final_cell_0307","TGATGTTTGAG-TCCAGTCC","ductal"
"human3_lib4.final_cell_0308","GATGTAAAGG-GTATGAGT","beta"
"human3_lib4.final_cell_0309","AGTGTCGGA-CTGGTGCA","beta"
"human3_lib4.final_cell_0310","AGGGTGTAT-GTCCAAAG","alpha"
"human3_lib4.final_cell_0311","CATCGCAG-TGCTCCGT","ductal"
"human3_lib4.final_cell_0312","AACTTAGC-TTTGTGTC","beta"
"human3_lib4.final_cell_0313","TGACACAACAG-GAGTTTCG","beta"
"human3_lib4.final_cell_0314","GCAGTCGA-TGTGGCTA","ductal"
"human3_lib4.final_cell_0315","GTAACGTT-CTTCTGGA","ductal"
"human3_lib4.final_cell_0316","ACCCGACTT-CTACGAGC","ductal"
"human3_lib4.final_cell_0317","GATAGTGTTT-TCTCAACC","ductal"
"human3_lib4.final_cell_0318","TTCCGCTC-TCATCCTT","acinar"
"human3_lib4.final_cell_0319","GAGAGAATTG-CGTGGATA","alpha"
"human3_lib4.final_cell_0320","GACGGGCTTT-GAGAATTG","alpha"
"human3_lib4.final_cell_0321","GGAGAAGC-CCCATCTG","beta"
"human3_lib4.final_cell_0322","TGCGTATC-AATTCCCA","delta"
"human3_lib4.final_cell_0323","TGACTTGGTGT-TAGCTTAT","beta"
"human3_lib4.final_cell_0324","TGAGGAATAGA-CTTAGGTA","beta"
"human3_lib4.final_cell_0325","GACACGGACT-TGTGGCTA","alpha"
"human3_lib4.final_cell_0326","GACGTCAGCA-AGGAGCTT","alpha"
"human3_lib4.final_cell_0327","TGACCATTACT-AACACACG","activated_stellate"
"human3_lib4.final_cell_0328","GACATTTGTT-GTAACGTT","alpha"
"human3_lib4.final_cell_0329","TGAAAACAGGG-GGCTACTA","beta"
"human3_lib4.final_cell_0330","TGAATGACTTT-GTTGTCAT","beta"
"human3_lib4.final_cell_0331","TGATTGTTTAC-GATGTGAG","alpha"
"human3_lib4.final_cell_0332","GAATGGGCAC-ACGAAACG","ductal"
"human3_lib4.final_cell_0333","ACCGTGTTT-GGTCCCTT","alpha"
"human3_lib4.final_cell_0334","AGCCAAGAT-CGTAGAAG","alpha"
"human3_lib4.final_cell_0335","GATAGTGTTT-CTTAGGTA","ductal"
"human3_lib4.final_cell_0336","TGCCTCAC-CTTCAGGT","alpha"
"human3_lib4.final_cell_0337","CGACGTCA-CCACATTA","beta"
"human3_lib4.final_cell_0338","ACAGATTAC-GGGAAGGT","alpha"
"human3_lib4.final_cell_0339","ATGGCCTGT-GCCACATC","ductal"
"human3_lib4.final_cell_0340","GCAGTCGA-CAGTTTGC","delta"
"human3_lib4.final_cell_0341","ATCGGTTCG-GACGATGG","beta"
"human3_lib4.final_cell_0342","GACGTACCTA-AAACAGGG","acinar"
"human3_lib4.final_cell_0343","TGAAAATGTCG-AAGTAATC","activated_stellate"
"human3_lib4.final_cell_0344","TGAGTTCTGTT-CCTGACAC","beta"
"human3_lib4.final_cell_0345","GACGAATAAT-GAGAATTG","acinar"
"human3_lib4.final_cell_0346","AGTTACCGC-AGCTATGA","beta"
"human3_lib4.final_cell_0347","TCGAAGCT-TCGGTTTA","beta"
"human3_lib4.final_cell_0348","ATATGCAT-GAATACGC","beta"
"human3_lib4.final_cell_0349","AATTCCCA-CCTATTCA","alpha"
"human3_lib4.final_cell_0350","TGATTAGTCCG-CCCTAACC","beta"
"human3_lib4.final_cell_0351","ACCCACGA-TTGCACGC","alpha"
"human3_lib4.final_cell_0352","TGGCTACC-AACTTAGC","ductal"
"human3_lib4.final_cell_0353","GACAATTAGT-CCCATAGC","delta"
"human3_lib4.final_cell_0354","GAACTGCCGT-ATCAGCGC","beta"
"human3_lib4.final_cell_0355","GACTGTCTGG-CAAGTCAT","acinar"
"human3_lib4.final_cell_0356","ATCTTTGT-CTCAGAAT","acinar"
"human3_lib4.final_cell_0357","AAAAGCCTA-TGCAAGGG","beta"
"human3_lib4.final_cell_0358","GAAGTTTAGA-GCAGCATG","acinar"
"human3_lib4.final_cell_0359","GAGACAGATA-ATCTTTGT","ductal"
"human3_lib4.final_cell_0360","GATTCCGAGT-TAGTCTAG","alpha"
"human3_lib4.final_cell_0361","TGAGAGTTCAC-AGCAGAAC","ductal"
"human3_lib4.final_cell_0362","AACTCACCG-CCCATAGC","beta"
"human3_lib4.final_cell_0363","TTGCATAT-CAACGTGG","alpha"
"human3_lib4.final_cell_0364","GCTTTGGC-ATCTTTGT","beta"
"human3_lib4.final_cell_0365","GCATGGGT-CTACTTGT","acinar"
"human3_lib4.final_cell_0366","TGAATTCGACG-TGCGACAG","alpha"
"human3_lib4.final_cell_0367","TGATTAGTCCG-CATCTCCC","alpha"
"human3_lib4.final_cell_0368","ACTCCGCAT-GAATACGC","acinar"
"human3_lib4.final_cell_0369","TGGCTACC-GCACCTCT","alpha"
"human3_lib4.final_cell_0370","GACTGTCTGG-CGTCAGCA","alpha"
"human3_lib4.final_cell_0371","TCATCCTT-TGGTATGA","acinar"
"human3_lib4.final_cell_0372","GACTTCTTCG-TGTAAAGG","alpha"
"human3_lib4.final_cell_0373","TGAATGCATGG-GTTTGTTT","beta"
"human3_lib4.final_cell_0374","ATATGCAT-TGAAATGA","beta"
"human3_lib4.final_cell_0375","GGATAAAG-GTCGTCGT","alpha"
"human3_lib4.final_cell_0376","TGAGACAAAGG-GAAAGACC","alpha"
"human3_lib4.final_cell_0377","AAGCGAAGT-CTGTTCTT","endothelial"
"human3_lib4.final_cell_0378","CCCAAGCA-CTGAGTGC","alpha"
"human3_lib4.final_cell_0379","GACTTACTCC-GTCAATAC","delta"
"human3_lib4.final_cell_0380","ACCTTCTT-AAAGTCGG","beta"
"human3_lib4.final_cell_0381","TGATCGTCATG-AGCAGAAC","acinar"
"human3_lib4.final_cell_0382","ACGGAATTT-TAACTACT","alpha"
"human3_lib4.final_cell_0383","ATCATGAGG-GCAGCATG","acinar"
"human3_lib4.final_cell_0384","AAATCGGGT-TTAAACTG","ductal"
"human3_lib4.final_cell_0385","CGGCTTAC-CAGACCAT","beta"
"human3_lib4.final_cell_0386","AGTTACCGC-GGGCCAAT","beta"
"human3_lib4.final_cell_0387","ACGTATAC-GACAAAGG","beta"
"human3_lib4.final_cell_0388","ATTCGTTCC-TGAGGTCT","beta"
"human3_lib4.final_cell_0389","AATGTTGGC-CGCCTTGA","alpha"
"human3_lib4.final_cell_0390","TGATCGACACC-GTACACTC","alpha"
"human3_lib4.final_cell_0391","AGTGGATGG-GTCCGTAC","ductal"
"human3_lib4.final_cell_0392","ATCATGAGG-GGACTTCC","beta"
"human3_lib4.final_cell_0393","TGCGTATC-TTTGGGAG","endothelial"
"human3_lib4.final_cell_0394","TGATGTCTTTC-TGTTCCAG","ductal"
"human3_lib4.final_cell_0395","GATCGGTTTA-CAGGTGTC","alpha"
"human3_lib4.final_cell_0396","AGCCAAGAT-AAAGCCTA","ductal"
"human3_lib4.final_cell_0397","TGATGTTTGAG-AGAGGTGG","alpha"
"human3_lib4.final_cell_0398","ACTGCGTTG-AGCTATGA","alpha"
"human3_lib4.final_cell_0399","GAGGACTTCC-ACTGCCGT","beta"
"human3_lib4.final_cell_0400","TGAAACACACG-GGATAAAG","alpha"
"human3_lib4.final_cell_0401","AAAATCGTT-GATCTCGG","alpha"
"human3_lib4.final_cell_0402","TGAGGTCTGAC-CCCATCTG","gamma"
"human3_lib4.final_cell_0403","GAAGGAAGAC-TGTTTGAG","ductal"
"human3_lib4.final_cell_0404","TGAGAGGCTGA-CGGAATTT","alpha"
"human3_lib4.final_cell_0405","ATTGGATCG-ATATCTTC","acinar"
"human3_lib4.final_cell_0406","GATGCCATCG-CCCAAGCA","acinar"
"human3_lib4.final_cell_0407","GGATAAAG-TACTTGTG","acinar"
"human3_lib4.final_cell_0408","CCCATCTG-TTGAGGGT","alpha"
"human3_lib4.final_cell_0409","GAGATTGCGA-ACCCACGA","alpha"
"human3_lib4.final_cell_0410","TGAGCAAGGAC-CTGGTGCA","alpha"
"human3_lib4.final_cell_0411","AATGTTGGC-TGACCCTC","ductal"
"human3_lib4.final_cell_0412","AGTTTACGT-CTATAGAG","ductal"
"human3_lib4.final_cell_0413","CGGCTTAC-AATGACCC","delta"
"human3_lib4.final_cell_0414","GATCTCACTT-CCGCAACT","acinar"
"human3_lib4.final_cell_0415","GATTGAGGGT-AGAACGGG","alpha"
"human3_lib4.final_cell_0416","AGCAACCTG-AGCGAAGT","alpha"
"human3_lib4.final_cell_0417","TGAGACAACTT-CTAGACCC","alpha"
"human3_lib4.final_cell_0418","ACTGCGTTG-GTGGAGCT","acinar"
"human3_lib4.final_cell_0419","TGAACTAGCCA-TCACCGAG","alpha"
"human3_lib4.final_cell_0420","ACGGAATTT-ATATAGGA","beta"
"human3_lib4.final_cell_0421","TGCGACAG-TTGCACGC","alpha"
"human3_lib4.final_cell_0422","AAAAGCCTA-TTTACCCT","beta"
"human3_lib4.final_cell_0423","CCCATCTG-TGTGCTCA","alpha"
"human3_lib4.final_cell_0424","GTAACGTT-GACAGATA","ductal"
"human3_lib4.final_cell_0425","AGATGTATT-GGTTTCTC","alpha"
"human3_lib4.final_cell_0426","GAATGGAAAT-AGCGCCTT","ductal"
"human3_lib4.final_cell_0427","TGAGACAACTT-CCATTTGA","beta"
"human3_lib4.final_cell_0428","ATTTCCGG-CACTCCTC","alpha"
"human3_lib4.final_cell_0429","AAGACACCA-CGCCTTGA","beta"
"human3_lib4.final_cell_0430","AGGTCACAG-GGAGAAGC","beta"
"human3_lib4.final_cell_0431","TGATTGTTTAC-CGTAGAAG","alpha"
"human3_lib4.final_cell_0432","TGATACGTGCT-CCGCTGTT","alpha"
"human3_lib4.final_cell_0433","TGATCGTCATG-TCTCACTT","alpha"
"human3_lib4.final_cell_0434","AGCACCAC-TACCAGGC","ductal"
"human3_lib4.final_cell_0435","ACGGACAAC-TAGCCTCG","delta"
"human3_lib4.final_cell_0436","TGAAGGAGCTT-AAGTAATC","alpha"
"human3_lib4.final_cell_0437","GAGAATACGC-CCAACCGT","alpha"
"human3_lib4.final_cell_0438","GAATGGAAAT-TGAAATGA","alpha"
"human3_lib4.final_cell_0439","TGACAGACCAT-CACAGTTT","alpha"
"human3_lib4.final_cell_0440","TGAAGAAGTTA-CCCATAGC","alpha"
"human3_lib4.final_cell_0441","TGATAACCCGT-TTATAGCC","alpha"
"human3_lib4.final_cell_0442","TGAGGAATAGA-TTGGACTT","ductal"
"human3_lib4.final_cell_0443","TGACTACGAGC-ACGAAACG","ductal"
"human3_lib4.final_cell_0444","AGCACCAC-TGTTTGAG","ductal"
"human3_lib4.final_cell_0445","TACAGCCG-TTAAACTG","acinar"
"human3_lib4.final_cell_0446","TGATCGACGGT-CTTCTTCG","alpha"
"human3_lib4.final_cell_0447","TGGTATGA-CAGATTAC","ductal"
"human3_lib4.final_cell_0448","CTTTAATC-CCTATTCA","alpha"
"human3_lib4.final_cell_0449","TGATTGTCGCC-AATCGGGT","activated_stellate"
"human3_lib4.final_cell_0450","AATTCCCA-GTCAAAGA","beta"
"human3_lib4.final_cell_0451","AGTGTCGGA-CGTATTTC","gamma"
"human3_lib4.final_cell_0452","TAGCCTCG-CACAAGGC","beta"
"human3_lib4.final_cell_0453","TGATGTGGCTA-TCGGTTTA","alpha"
"human3_lib4.final_cell_0454","TGACTTGGTGT-ATGCATGG","alpha"
"human3_lib4.final_cell_0455","ACTCCGCAT-ACGAAACG","activated_stellate"
"human3_lib4.final_cell_0456","TTGGACTT-CAGACCAT","alpha"
"human3_lib4.final_cell_0457","AATATACCT-ATTCGACG","quiescent_stellate"
"human3_lib4.final_cell_0458","ACGTGCTAG-GACAGATA","alpha"
"human3_lib4.final_cell_0459","ACCGCAACT-TGTTTGAG","acinar"
"human3_lib4.final_cell_0460","GAGAGAGTAT-ACTTCAAT","alpha"
"human3_lib4.final_cell_0461","GAATGGAAAT-TTGGATCG","alpha"
"human3_lib4.final_cell_0462","TTCCGCTC-GGCTACTA","beta"
"human3_lib4.final_cell_0463","ATCACGTTT-GACAGATA","beta"
"human3_lib4.final_cell_0464","GATGTAGTTT-CAATTAGT","alpha"
"human3_lib4.final_cell_0465","GATAACCATC-AGATGGCT","beta"
"human3_lib4.final_cell_0466","TGAATGAAGCA-CGACTCCT","acinar"
"human3_lib4.final_cell_0467","ACTTAGGTA-AACACACG","beta"
"human3_lib4.final_cell_0468","TGATTAGTCCG-GCAGGGTA","ductal"
"human3_lib4.final_cell_0469","TGAACATCTAT-ATTGGGCC","ductal"
"human3_lib4.final_cell_0470","GATCGGTTTA-CGCCTTGA","beta"
"human3_lib4.final_cell_0471","GATCTCAACC-GGGTTGGT","alpha"
"human3_lib4.final_cell_0472","TAGTCTAG-CAGTCCCT","beta"
"human3_lib4.final_cell_0473","GAGAGAGTAT-CTTCTGGA","beta"
"human3_lib4.final_cell_0474","AGTCAATAC-GCAGCATG","ductal"
"human3_lib4.final_cell_0475","TGAAACAATCC-CGGACAAC","beta"
"human3_lib4.final_cell_0476","ATCTGCATC-TTGTCGCC","beta"
"human3_lib4.final_cell_0477","TGATGCCC-TTTATCAC","alpha"
"human3_lib4.final_cell_0478","TGATCCAGTCC-CTTAGGTA","ductal"
"human3_lib4.final_cell_0479","AATTCAGTA-CAAGTCAT","alpha"
"human3_lib4.final_cell_0480","AATTCCCA-CCACATTA","macrophage"
"human3_lib4.final_cell_0481","ACCCTAACC-CGTGCTAG","beta"
"human3_lib4.final_cell_0482","CATCGCAG-TGACCCTC","beta"
"human3_lib4.final_cell_0483","AGGGAAGGT-TTGGACTT","alpha"
"human3_lib4.final_cell_0484","GATTAAACTG-ATCTTTGT","alpha"
"human3_lib4.final_cell_0485","TGAGTTCTGTT-CGGAATTT","alpha"
"human3_lib4.final_cell_0486","AGCAACCTG-CCATTTGA","alpha"
"human3_lib4.final_cell_0487","GATGAGGTCT-AGCGCCTT","ductal"
"human3_lib4.final_cell_0488","CGAACGTA-ACTGCCGT","alpha"
"human3_lib4.final_cell_0489","TGAGGCTACTA-TGGGATTC","ductal"
"human3_lib4.final_cell_0490","ACGGACAAC-TACCGGCA","quiescent_stellate"
"human3_lib4.final_cell_0491","CCAACCGT-CGGAATTT","ductal"
"human3_lib4.final_cell_0492","GCAGTCGA-TTCCAGAC","alpha"
"human3_lib4.final_cell_0493","AGATGTATT-GGGCCAAT","alpha"
"human3_lib4.final_cell_0494","TGAGGCGGTTT-AAACCTCC","acinar"
"human3_lib4.final_cell_0495","TGACACAACAG-AAACGCCT","alpha"
"human3_lib4.final_cell_0496","ACCCTAACC-GATCGTTT","alpha"
"human3_lib4.final_cell_0497","ATTGTGACT-TTATAGCC","beta"
"human3_lib4.final_cell_0498","GACGTCAGCA-GTCGTCGT","alpha"
"human3_lib4.final_cell_0499","TGACCAGCAGT-AAGCTTCT","ductal"
"human3_lib4.final_cell_0500","TGATGATAACA-TCTAGCAG","alpha"
"human3_lib4.final_cell_0501","TGAAACCCTTG-TCCCTGAT","beta"
"human3_lib4.final_cell_0502","GACTAGACCC-TGGTATGA","acinar"
"human3_lib4.final_cell_0503","AATGTTTG-CGTAGAAG","alpha"
"human3_lib4.final_cell_0504","TGAGCCGGATT-CTCGATGC","beta"
"human3_lib4.final_cell_0505","GACCCATAGC-TGCGTATC","acinar"
"human3_lib4.final_cell_0506","ACCCGACTT-TGCGTATC","beta"
"human3_lib4.final_cell_0507","TTAAGCGT-CGTAGAAG","ductal"
"human3_lib4.final_cell_0508","AGTCAAAGA-GGTCCCTT","beta"
"human3_lib4.final_cell_0509","TGATCCAGTCC-CACAAGGC","alpha"
"human3_lib4.final_cell_0510","AAGCGCCTT-TTATAGCC","alpha"
"human3_lib4.final_cell_0511","TGAGCAAGGAC-CTCTTGAC","alpha"
"human3_lib4.final_cell_0512","TGCCTCAC-TAAGACGG","acinar"
"human3_lib4.final_cell_0513","CCCATCTG-CGCCTTGA","ductal"
"human3_lib4.final_cell_0514","TGATCCCGTAG-AGGAGCTT","alpha"
"human3_lib4.final_cell_0515","AGGTTAGTG-TTGCACGC","ductal"
"human3_lib4.final_cell_0516","ATGGCCTGT-CACAACAG","alpha"
"human3_lib4.final_cell_0517","TGATATTGCCT-CAAGTCAT","ductal"
"human3_lib4.final_cell_0518","AAGACACCA-GTCGTCGT","acinar"
"human3_lib4.final_cell_0519","AAGCTTCT-TCTAGCAG","acinar"
"human3_lib4.final_cell_0520","AATGGATTA-ATATCTTC","ductal"
"human3_lib4.final_cell_0521","GACCTACTAG-GTCATATT","quiescent_stellate"
"human3_lib4.final_cell_0522","ACCCTTGGT-ACCCACGA","alpha"
"human3_lib4.final_cell_0523","GATGTAGTTT-CTTTAATC","alpha"
"human3_lib4.final_cell_0524","AGGGAACGA-GTCCATGT","ductal"
"human3_lib4.final_cell_0525","AAGTGAAAG-ACCTTGCC","beta"
"human3_lib4.final_cell_0526","TGCCTCAC-GTCCAAAG","beta"
"human3_lib4.final_cell_0527","GAGAATTCGT-TGGTTTCT","alpha"
"human3_lib4.final_cell_0528","GTACCTTG-CGACTCCT","beta"
"human3_lib4.final_cell_0529","AATGTTTG-AGTGATGC","delta"
"human3_lib4.final_cell_0530","TCATATGG-CGAGATGT","activated_stellate"
"human3_lib4.final_cell_0531","ACTACTTGT-GAGCGGTA","delta"
"human3_lib4.final_cell_0532","TGACTCGATGC-CCCTAACC","beta"
"human3_lib4.final_cell_0533","GAAAGCGTAC-TTTATCAC","acinar"
"human3_lib4.final_cell_0534","GTTGCACG-CGGCTTAC","ductal"
"human3_lib4.final_cell_0535","TGATAACCCGT-AGAAGTTA","alpha"
"human3_lib4.final_cell_0536","ACGTATAC-CTTCTTCG","activated_stellate"
"human3_lib4.final_cell_0537","AAGCGCCTT-CTTACTCC","acinar"
"human3_lib4.final_cell_0538","TGAGCGCATTC-GGCCTAAG","ductal"
"human3_lib4.final_cell_0539","TGAGTGGAGCT-TTGTGACT","alpha"
"human3_lib4.final_cell_0540","AATTCCCA-GTCATATT","ductal"
"human3_lib4.final_cell_0541","TGATAACCCGT-TGTCTTTC","beta"
"human3_lib4.final_cell_0542","AATATCTTC-CTTACTCC","alpha"
"human3_lib4.final_cell_0543","GATTAGAC-TGTCTTTC","beta"
"human3_lib4.final_cell_0544","AACTCACCG-ACCACGCT","beta"
"human3_lib4.final_cell_0545","AGTCAATAC-CGGACAAC","alpha"
"human3_lib4.final_cell_0546","TGACTTCGCAC-CTCCGCAT","alpha"
"human3_lib4.final_cell_0547","ATCTAGCAG-GATCTCGG","beta"
"human3_lib4.final_cell_0548","GATGAAATGA-TTGGATCG","acinar"
"human3_lib4.final_cell_0549","GATGGGATTC-CTACGAGC","acinar"
"human3_lib4.final_cell_0550","AGAGACTA-ACTGCCGT","endothelial"
"human3_lib4.final_cell_0551","GATCGTTT-TAGAAATG","beta"
"human3_lib4.final_cell_0552","GAGGGAACCT-CCTATTCA","activated_stellate"
"human3_lib4.final_cell_0553","GAGTTTCG-CTTACTCC","alpha"
"human3_lib4.final_cell_0554","TGAGCGCATTC-CGCTAGTC","alpha"
"human3_lib4.final_cell_0555","ACCATTTGA-CCCGAATG","acinar"
"human3_lib4.final_cell_0556","GCTTTGGC-CAGATTAC","alpha"
"human3_lib4.final_cell_0557","GAGAATTCGT-GTTGTCAT","alpha"
"human3_lib4.final_cell_0558","CGACGTCA-ATACCCAG","alpha"
"human3_lib4.final_cell_0559","AGTCAATAC-TAGAAATG","alpha"
"human3_lib4.final_cell_0560","TGAGGAATAGA-TGGCCTGT","beta"
"human3_lib4.final_cell_0561","GAGAAAGACC-AGAGACTA","acinar"
"human3_lib4.final_cell_0562","ATCTGCATC-GGGAAGGT","alpha"
"human3_lib4.final_cell_0563","TGCTATTT-GGCCCTTA","beta"
"human3_lib4.final_cell_0564","AACGCAGAG-CCGTGTTT","ductal"
"human3_lib4.final_cell_0565","ATCTTTGT-ACGCCATT","ductal"
"human3_lib4.final_cell_0566","GAAGGCAGTT-ACTGCCGT","ductal"
"human3_lib4.final_cell_0567","ACTGAGTGC-GCTTTCCA","alpha"
"human3_lib4.final_cell_0568","GACATCTCCC-AAGCTTCT","gamma"
"human3_lib4.final_cell_0569","ATCCGCTA-AGCAGAAC","alpha"
"human3_lib4.final_cell_0570","AAAAGCCTA-TTGATCTA","beta"
"human3_lib4.final_cell_0571","TCATCCTT-TTAGTCCG","alpha"
"human3_lib4.final_cell_0572","GATTAAACTG-GCAGGGTA","endothelial"
"human3_lib4.final_cell_0573","AAAGTAATC-TTGCACGC","alpha"
"human3_lib4.final_cell_0574","TGATTCACATA-AGTGAAAG","macrophage"
"human3_lib4.final_cell_0575","AGTATGAGT-TGTTTGAG","acinar"
"human3_lib4.final_cell_0576","AGAAGTCC-GCAGTCGA","activated_stellate"
"human3_lib4.final_cell_0577","AGCACCTCT-GGGAAGGT","beta"
"human3_lib4.final_cell_0578","GAACGCCATT-AAATCGTT","alpha"
"human3_lib4.final_cell_0579","CAGTTTGC-TTGTGACT","alpha"
"human3_lib4.final_cell_0580","GACTCTTGAC-CATCGCAG","alpha"
"human3_lib4.final_cell_0581","GATAGTGTTT-ATTCCTTG","ductal"
"human3_lib4.final_cell_0582","TGCAAGGG-ATGAAGCA","alpha"
"human3_lib4.final_cell_0583","GGCCCTTA-GCTTTGGC","beta"
"human3_lib4.final_cell_0584","TGATCCCTGAT-AGCACCAC","alpha"
"human3_lib4.final_cell_0585","TGACTTCTGGA-CTCCGCAT","beta"
"human3_lib4.final_cell_0586","CGTATTTC-ACTAGCCA","beta"
"human3_lib4.final_cell_0587","TCCTTATT-ACTGAGTT","alpha"
"human3_lib4.final_cell_0588","TGAGAGGCTGA-GGGCCAAT","beta"
"human3_lib4.final_cell_0589","TGATTGTTTAC-CAAGTCAT","delta"
"human3_lib4.final_cell_0590","AATATACCT-TTGATCTA","alpha"
"human3_lib4.final_cell_0591","AGAAGTCC-TAGTCGCA","activated_stellate"
"human3_lib4.final_cell_0592","GAGATTGCGA-AAGGTAAT","alpha"
"human3_lib4.final_cell_0593","TGACAATACTT-CTTCGCAC","activated_stellate"
"human3_lib4.final_cell_0594","AGGTCACAG-TACTTGTG","alpha"
"human3_lib4.final_cell_0595","GCTCTAGT-GTCCATGT","beta"
"human3_lib4.final_cell_0596","GAGGGAACCT-CAACGTGG","alpha"
"human3_lib4.final_cell_0597","TGAGCCGGATT-CGTGGATA","ductal"
"human3_lib4.final_cell_0598","ACGTATAC-CTTCGCAC","beta"
"human3_lib4.final_cell_0599","GACATCTCCC-CCATTACT","beta"
"human3_lib4.final_cell_0600","ACCGCAACT-CCCATAGC","alpha"
"human3_lib4.final_cell_0601","ACCATTTGA-AACCCTTG","acinar"
"human3_lib4.final_cell_0602","CTATAGAG-GCAGGGTA","alpha"
"human3_lib4.final_cell_0603","GTAACGTT-TCCCTGAT","endothelial"
"human3_lib4.final_cell_0604","TGACCATTACT-CCAACCGT","beta"
"human3_lib4.final_cell_0605","AATGTTTG-TTGATTCT","alpha"
"human3_lib4.final_cell_0606","GACTCTTGAC-GCAAAGCC","alpha"
"human3_lib4.final_cell_0607","CCCATCTG-CCCTTGGT","alpha"
"human3_lib4.final_cell_0608","GACGAATAAT-AATGAATG","beta"
"human3_lib4.final_cell_0609","TGAGGCGGTTT-TTAGGACC","ductal"
"human3_lib4.final_cell_0610","TGAGGGAAATC-CGCTAATA","acinar"
"human3_lib4.final_cell_0611","GAATTCCTTG-CGTACCTA","acinar"
"human3_lib4.final_cell_0612","GATGTGAG-TTGATTCT","alpha"
"human3_lib4.final_cell_0613","AAATCGGGT-GGGAAATC","endothelial"
"human3_lib4.final_cell_0614","GACAGTCCCT-CTGTCTGG","ductal"
"human3_lib4.final_cell_0615","AAAAGTCGG-CAATACTT","acinar"
"human3_lib4.final_cell_0616","AGGTGACAC-AAATCGTT","beta"
"human3_lib4.final_cell_0617","GAGTTTCG-AGGAGCTT","beta"
"human3_lib4.final_cell_0618","GACCTACTAG-ACGGTAGC","beta"
"human3_lib4.final_cell_0619","GATGACGGAC-CTACCGTT","ductal"
"human3_lib4.final_cell_0620","TGAATACCCAG-AATCGGGT","alpha"
"human3_lib4.final_cell_0621","TGATAGAAATG-TCCCAATC","alpha"
"human3_lib4.final_cell_0622","GATGGGATTC-CAGATTAC","acinar"
"human3_lib4.final_cell_0623","TGAGCGCATTC-CTTACGGG","gamma"
"human3_lib4.final_cell_0624","TGATCCCTGAT-ACTAGCCA","alpha"
"human3_lib4.final_cell_0625","ACAGATTAC-CTACTTGT","alpha"
"human3_lib4.final_cell_0626","TCCTTATT-TGGTATGA","acinar"
"human3_lib4.final_cell_0627","GAGAAGGCTT-ATGAAGCA","alpha"
"human3_lib4.final_cell_0628","TTCGGCCT-TGTCTTTC","alpha"
"human3_lib4.final_cell_0629","TGAAAACTGGT-GGAATAGA","alpha"
"human3_lib4.final_cell_0630","GAGAGAGTAT-GCACCTCT","beta"
"human3_lib4.final_cell_0631","GCAGCATG-GTCCGTAC","beta"
"human3_lib4.final_cell_0632","TGACGTAGAAG-CTGCGTTG","beta"
"human3_lib4.final_cell_0633","GAATGGAAAT-CTGTTCTT","acinar"
"human3_lib4.final_cell_0634","GAACCACGCT-GTAACGTT","alpha"
"human3_lib4.final_cell_0635","ATTGGATCG-AACCTGAC","beta"
"human3_lib4.final_cell_0636","GATTAAACTG-ACTAGCCA","acinar"
"human3_lib4.final_cell_0637","GACGACTCCT-AAACCTCC","alpha"
"human3_lib4.final_cell_0638","ATCCGCTA-GTCCATGT","ductal"
"human3_lib4.final_cell_0639","GAACTAGGAT-TTAGTCCG","alpha"
"human3_lib4.final_cell_0640","GAGAATTCGT-CTTCTTCG","alpha"
"human3_lib4.final_cell_0641","GATGAAATGA-CTTCTTCG","alpha"
"human3_lib4.final_cell_0642","GCAGCATG-TTGCACGC","beta"
"human3_lib4.final_cell_0643","AAGCTACGG-CAGTTTGC","acinar"
"human3_lib4.final_cell_0644","TGACTCAGAAT-TCTCACTT","beta"
"human3_lib4.final_cell_0645","GGGTTGGT-CTTTAATC","beta"
"human3_lib4.final_cell_0646","GATTTAACAG-CCATTTGA","alpha"
"human3_lib4.final_cell_0647","TGACTCAGAAT-ATGCATGG","acinar"
"human3_lib4.final_cell_0648","GACTTACTCC-CAACAAAT","activated_stellate"
"human3_lib4.final_cell_0649","TGAGGGAAATC-GGTCTGAC","alpha"
"human3_lib4.final_cell_0650","GTACCTTG-GTGTCGGA","alpha"
"human3_lib4.final_cell_0651","GATTGATCTA-TACCAGGC","alpha"
"human3_lib4.final_cell_0652","GACAATTAGT-CGCTAATA","alpha"
"human3_lib4.final_cell_0653","GATTAGAC-GAGGCTGA","ductal"
"human3_lib4.final_cell_0654","TGATGTTTGAG-TAGTGTTT","alpha"
"human3_lib4.final_cell_0655","TTCCGCTC-TGCGTATC","acinar"
"human3_lib4.final_cell_0656","TTCCGCTC-AGCTATGA","alpha"
"human3_lib4.final_cell_0657","AACCTGAC-CTACGAGC","beta"
"human3_lib4.final_cell_0658","GATGTTCCAG-GAAAGACC","alpha"
"human3_lib4.final_cell_0659","TGAAGGAGCTT-AACCTGAC","alpha"
"human3_lib4.final_cell_0660","ACTGAGTGC-TGAAATGA","alpha"
"human3_lib4.final_cell_0661","GACGCTAGTC-AGGATTCA","alpha"
"human3_lib4.final_cell_0662","ATCTAGCAG-TGTCTTTC","acinar"
"human3_lib4.final_cell_0663","GCTCTAGT-ACTTCAAT","beta"
"human3_lib4.final_cell_0664","TTCCGCTC-CCATTTGA","alpha"
"human3_lib4.final_cell_0665","GAGACAGATA-CGATTGAT","acinar"
"human3_lib4.final_cell_0666","GACCCGAATG-TCGACGGT","alpha"
"human3_lib4.final_cell_0667","GAGTTTCG-GGATAAAG","acinar"
"human3_lib4.final_cell_0668","TGACCATTACT-AGAAGTCC","alpha"
"human3_lib4.final_cell_0669","GATGTGCTCA-TTTACCCT","alpha"
"human3_lib4.final_cell_0670","TGCCTCAC-TGAAATGA","ductal"
"human3_lib4.final_cell_0671","TGAGCAAGGAC-AGAAGTTA","beta"
"human3_lib4.final_cell_0672","TGGTATGA-GTTACGAT","beta"
"human3_lib4.final_cell_0673","AGTCAATAC-CAAGAGGG","acinar"
"human3_lib4.final_cell_0674","GATGTAGTTT-TTTGGGAG","alpha"
"human3_lib4.final_cell_0675","GAAGTGATGC-GTACACTC","activated_stellate"
"human3_lib4.final_cell_0676","GATTGAGGGT-GCCACATC","alpha"
"human3_lib4.final_cell_0677","AACCTGAC-GCGTTGCT","alpha"
"human3_lib4.final_cell_0678","GACACGGACT-CCCTTGGT","alpha"
"human3_lib4.final_cell_0679","CTTCGATT-TAGCCTCG","beta"
"human3_lib4.final_cell_0680","TCATATGG-GGAGAAGC","beta"
"human3_lib4.final_cell_0681","TGATTGTCGCC-ACGGTAGC","gamma"
"human3_lib4.final_cell_0682","GAGGACTTCC-GAAGGCTT","alpha"
"human3_lib4.final_cell_0683","ATCACGTTT-CCATTACT","beta"
"human3_lib4.final_cell_0684","AAAATCGTT-GTCCAAAG","activated_stellate"
"human3_lib4.final_cell_0685","TAGCCTCG-TCTCACTT","acinar"
"human3_lib4.final_cell_0686","AAGTGAAAG-TGCGACAG","ductal"
"human3_lib4.final_cell_0687","AAATGAATG-TGACCAGT","alpha"
"human3_lib4.final_cell_0688","ATTTGGGAG-CTTCGCAC","alpha"
"human3_lib4.final_cell_0689","TGACTTCTGGA-TCCTTATT","beta"
"human3_lib4.final_cell_0690","TAGCTTAT-GTTACCGC","ductal"
"human3_lib4.final_cell_0691","TGAGATTTACC-GCAGCATG","beta"
"human3_lib4.final_cell_0692","GACTAGACCC-AACAATCC","delta"
"human3_lib4.final_cell_0693","GATAAGACGG-TTAGGACC","ductal"
"human3_lib4.final_cell_0694","GAGTTGTCAT-AACCCTTG","acinar"
"human3_lib4.final_cell_0695","AGGGAAGGT-AGGCAACG","ductal"
"human3_lib4.final_cell_0696","GTTGCACG-CAGTCCCT","acinar"
"human3_lib4.final_cell_0697","GACGTACCTA-AGTGATGC","alpha"
"human3_lib4.final_cell_0698","TGACGAGTCTG-CGTGGATA","ductal"
"human3_lib4.final_cell_0699","CATCGCAG-GGGAAATC","alpha"
"human3_lib4.final_cell_0700","GATAGTGTTT-CAGTCCCT","beta"
"human3_lib4.final_cell_0701","TGACCAGT-CTTCTTCG","beta"
"human3_lib4.final_cell_0702","GATGTTCCAG-CCTGACAC","alpha"
"human3_lib4.final_cell_0703","TTCCGCTC-TTCACATA","alpha"
"human3_lib4.final_cell_0704","GACCTACTAG-GCAGTCGA","alpha"
"human3_lib4.final_cell_0705","TGAGGCGGTTT-GAGTTTCG","endothelial"
"human3_lib4.final_cell_0706","ATAGTGGAC-CCCATCTG","acinar"
"human3_lib4.final_cell_0707","GACGTACCTA-CCGCAACT","ductal"
"human3_lib4.final_cell_0708","TGAGCCACATC-TTGGATCG","alpha"
"human3_lib4.final_cell_0709","AACCCATAT-CACTCCTC","beta"
"human3_lib4.final_cell_0710","GCAGTCGA-CTAGATTG","ductal"
"human3_lib4.final_cell_0711","AGGGCCAAT-CCTACTAG","alpha"
"human3_lib4.final_cell_0712","AGGTGACAC-GTTAACCA","alpha"
"human3_lib4.final_cell_0713","AGCACCTCT-CGGAATTT","beta"
"human3_lib4.final_cell_0714","ACGGACAAC-GTTACGAT","alpha"
"human3_lib4.final_cell_0715","GATTAAACTG-CCCTTCAG","ductal"
"human3_lib4.final_cell_0716","GGCATGCT-TTAGGACC","beta"
"human3_lib4.final_cell_0717","GACGTCAGCA-AACCTGAC","ductal"
"human3_lib4.final_cell_0718","TGGCTACC-TTTATCAC","ductal"
"human3_lib4.final_cell_0719","ACTGAGTGC-AGGAAGAC","ductal"
"human3_lib4.final_cell_0720","TGAGGCTACTA-TTCCAGAC","alpha"
"human3_lib4.final_cell_0721","AGTTTACGT-CAATTAGT","alpha"
"human3_lib4.final_cell_0722","AACCTGAC-GGGAAATC","alpha"
"human3_lib4.final_cell_0723","TTATAGCC-CTTAGGTA","beta"
"human3_lib4.final_cell_0724","GATAACCATC-TACCAGGC","ductal"
"human3_lib4.final_cell_0725","TGACGAGTCTG-GGCCCTTA","alpha"
"human3_lib4.final_cell_0726","TAGCCTCG-TGAAATGA","endothelial"
"human3_lib4.final_cell_0727","TGCGACAG-TAACCCGT","alpha"
"human3_lib4.final_cell_0728","AGTGGATGG-ACGAAACG","quiescent_stellate"
"human3_lib4.final_cell_0729","AAGCTATGA-CTACTTGT","beta"
"human3_lib4.final_cell_0730","ATGGCCTGT-TAGCCTCG","delta"
"human3_lib4.final_cell_0731","TGAGCCACATC-TACCGGCA","alpha"
"human3_lib4.final_cell_0732","GACCCATAGC-CGCTAATA","acinar"
"human3_lib4.final_cell_0733","GATGTTCCAG-TGGTTTCT","alpha"
"human3_lib4.final_cell_0734","CGGCTTAC-ATGCATGG","beta"
"human3_lib4.final_cell_0735","AACTCACCG-ATATAGGA","beta"
"human3_lib4.final_cell_0736","AATTCCCA-CCCTAACC","alpha"
"human3_lib4.final_cell_0737","ACTCCGCAT-TCGGTTCG","quiescent_stellate"
"human3_lib4.final_cell_0738","TTGCATAT-ATCAGCGC","alpha"
"human3_lib4.final_cell_0739","ACTCCGCAT-CTGAGTGC","beta"
"human3_lib4.final_cell_0740","TGATGTGGCTA-CGCTAGTC","alpha"
"human3_lib4.final_cell_0741","TGAGACAACTT-CAGATTAC","quiescent_stellate"
"human3_lib4.final_cell_0742","GAATGGGCAC-GCAACCTG","acinar"
"human3_lib4.final_cell_0743","GATAACCATC-TTTATCAC","alpha"
"human3_lib4.final_cell_0744","TGAAACAATCC-TTAAGCGT","alpha"
"human3_lib4.final_cell_0745","ATCCGCTA-TGCCATCG","beta"
"human3_lib4.final_cell_0746","TGACAATACTT-AAGGTAAT","acinar"
"human3_lib4.final_cell_0747","TGAGATTTACC-CCTCGTCT","delta"
"human3_lib4.final_cell_0748","CCCATCTG-TTGGCGTT","acinar"
"human3_lib4.final_cell_0749","GAGTTAACCA-TGAAATGA","alpha"
"human3_lib4.final_cell_0750","TGAGGGAAATC-CAAGAGGG","alpha"
"human3_lib4.final_cell_0751","TGATGCCC-GCGTTGCT","ductal"
"human3_lib4.final_cell_0752","TGATCGTCATG-CCCATAGC","gamma"
"human3_lib4.final_cell_0753","GAATGGAAAT-GGGAACCT","endothelial"
"human3_lib4.final_cell_0754","ACTTAGGTA-CGGACAAC","beta"
"human3_lib4.final_cell_0755","GTACCTTG-ATGGAAAT","alpha"
"human3_lib4.final_cell_0756","GAATTGGGCC-CTCGCGTA","alpha"
"human3_lib4.final_cell_0757","TGGCTACC-TGCCTCAC","ductal"
"human3_lib4.final_cell_0758","TAGCCTCG-TGCGTATC","alpha"
"human3_lib4.final_cell_0759","AGCTTTCCA-CCCATCTG","alpha"
"human3_lib4.final_cell_0760","GAGTTAACCA-CTCCGCAT","alpha"
"human3_lib4.final_cell_0761","ACTAGATTG-TGCCATCG","beta"
"human3_lib4.final_cell_0762","TGATTCGCTGG-TGTAGTTT","acinar"
"human3_lib4.final_cell_0763","ACCTTCTT-TAACTACT","alpha"
"human3_lib4.final_cell_0764","AGCAACCTG-TTAGGACC","beta"
"human3_lib4.final_cell_0765","GACGAATAAT-TGTTTGAG","alpha"
"human3_lib4.final_cell_0766","AAAAGTCGG-TACCGGCA","alpha"
"human3_lib4.final_cell_0767","TGGTATGA-AGGAAGAC","alpha"
"human3_lib4.final_cell_0768","ACTACTTGT-CGAACGTA","ductal"
"human3_lib4.final_cell_0769","AAGACACCA-TTTGTGTC","delta"
"human3_lib4.final_cell_0770","GATCTCACTT-ACCTTGCC","alpha"
"human3_lib4.final_cell_0771","GGCCCTTA-ATTCCTTG","alpha"
"human3_lib4.final_cell_0772","TGATAACCCGT-TACCAGGC","alpha"
"human3_lib4.final_cell_0773","TTATAGCC-AGAGACTA","acinar"
"human3_lib4.final_cell_0774","GGTGGGAT-TGCTATTT","ductal"
"human3_lib4.final_cell_0775","AGATGTATT-ATTCCTTG","ductal"
"human3_lib4.final_cell_0776","TGACTGGTGCA-TGCAAGGG","alpha"
"human3_lib4.final_cell_0777","ATTCCAGAC-CTGTCTGG","alpha"
"human3_lib4.final_cell_0778","GATGTGCTCA-TGCAAGGG","alpha"
"human3_lib4.final_cell_0779","TGATCGTCATG-AACCCTTG","acinar"
"human3_lib4.final_cell_0780","TGAATGACCGA-GTCCAAAG","beta"
"human3_lib4.final_cell_0781","TGACTCGCGTA-GGTTAGTG","alpha"
"human3_lib4.final_cell_0782","TGAGATTTACC-CTCAGAAT","gamma"
"human3_lib4.final_cell_0783","TGAGGCTACTA-GGGTGTAT","acinar"
"human3_lib4.final_cell_0784","AAGCGCCTT-CTCGATGC","alpha"
"human3_lib4.final_cell_0785","TGAACGCTCAG-CGGACAAC","gamma"
"human3_lib4.final_cell_0786","GACGCCTTGA-TGATAACA","gamma"
"human3_lib4.final_cell_0787","AAGCTATGA-GGCTACTA","beta"
"human3_lib4.final_cell_0788","ACTAGATTG-TGAAATGA","beta"
"human3_lib4.final_cell_0789","ATTGGATCG-CTCGATGC","alpha"
"human3_lib4.final_cell_0790","AATGTTTG-CTTTAATC","beta"
"human3_lib4.final_cell_0791","CTTCGATT-TTCACATA","beta"
"human3_lib4.final_cell_0792","GAATGGGCAC-ATATCTTC","acinar"
"human3_lib4.final_cell_0793","GAGTTAACCA-CGAGATGT","acinar"
"human3_lib4.final_cell_0794","AGCAAAGCC-TACAGCCG","acinar"
"human3_lib4.final_cell_0795","TGAGGTCTGAC-AACCCTTG","quiescent_stellate"
"human3_lib4.final_cell_0796","CAGTTTGC-CGCTAGTC","quiescent_stellate"
"human3_lib4.final_cell_0797","GAGTTAACCA-CCTCGTCT","ductal"
"human3_lib4.final_cell_0798","TGACTTCTGGA-CTAGATTG","beta"
"human3_lib4.final_cell_0799","GATCTGTGGT-TACGTGCT","alpha"
"human3_lib4.final_cell_0800","TGACTGGTGCA-AGCGTAGG","beta"
"human3_lib4.final_cell_0801","GTAACGTT-TGACGGAC","alpha"
"human3_lib4.final_cell_0802","CCCAAGCA-AGGAGCTT","ductal"
"human3_lib4.final_cell_0803","ACAGATTAC-CCCATCTG","alpha"
"human3_lib4.final_cell_0804","CTATAGAG-AGATGGCT","alpha"
"human3_lib4.final_cell_0805","TGACACAAGGC-GCAGGGTA","alpha"
"human3_lib4.final_cell_0806","GAACGCCATT-CGGCACAT","alpha"
"human3_lib4.final_cell_0807","ACCCGACTT-GGCTACTA","alpha"
"human3_lib4.final_cell_0808","GACGCTAGTC-CTGGTGCA","beta"
"human3_lib4.final_cell_0809","AGGTCACAG-GAGAATTG","beta"
"human3_lib4.final_cell_0810","GACATCTCCC-AACACACG","beta"
"human3_lib4.final_cell_0811","TGAGTCCATGT-ATTCAGTA","acinar"
"human3_lib4.final_cell_0812","GATGTAAAGG-TGATAACA","alpha"
"human3_lib4.final_cell_0813","TGATGTTTGAG-GGCTACTA","beta"
"human3_lib4.final_cell_0814","TGACCATTACT-CCTACTAG","beta"
"human3_lib4.final_cell_0815","GACATTTGTT-CATCTCCC","beta"
"human3_lib4.final_cell_0816","AACCCATAT-CTAGTAAC","beta"
"human3_lib4.final_cell_0817","GAGTTAACCA-TAACTACT","gamma"
"human3_lib4.final_cell_0818","AACTCACCG-ACTAGCCA","endothelial"
"human3_lib4.final_cell_0819","GATGGAGGAG-ACCCACGA","quiescent_stellate"
"human3_lib4.final_cell_0820","AGCCAAGAT-GCAAAGCC","alpha"
"human3_lib4.final_cell_0821","TGACACAAGGC-GAAGTGCC","alpha"
"human3_lib4.final_cell_0822","TGAAACCCTTG-AAATGTCG","beta"
"human3_lib4.final_cell_0823","TTTGTGTC-CGAGTCTG","beta"
"human3_lib4.final_cell_0824","GACCCGAATG-ATTCCTTG","beta"
"human3_lib4.final_cell_0825","TGACTCGATGC-CAGTTTGC","ductal"
"human3_lib4.final_cell_0826","GAGGACTTCC-TTAGGACC","ductal"
"human3_lib4.final_cell_0827","CTTCGATT-TGGCTACC","beta"
"human3_lib4.final_cell_0828","CTTCGATT-CTTCGCAC","quiescent_stellate"
"human3_lib4.final_cell_0829","ATAGTGGAC-TTCCAGAC","alpha"
"human3_lib4.final_cell_0830","TTAAGCGT-TCTGCATC","alpha"
"human3_lib4.final_cell_0831","TGACTAGTAAC-GAGCGGTA","alpha"
"human3_lib4.final_cell_0832","TGACGTAGAAG-ACTAGCCA","activated_stellate"
"human3_lib4.final_cell_0833","TCGAAGCT-GATCGTTT","acinar"
"human3_lib4.final_cell_0834","TGAGCAAGGAC-ATGGATTA","beta"
"human3_lib4.final_cell_0835","GACATTTGTT-TGTGGCTA","alpha"
"human3_lib4.final_cell_0836","TGATGTCTTTC-TAAGACGG","alpha"
"human3_lib4.final_cell_0837","TTCCGCTC-TGGTATGA","ductal"
"human3_lib4.final_cell_0838","GCTTACCT-GCAGGGTA","alpha"
"human3_lib4.final_cell_0839","TGAATGAAGCA-TGGGATTC","beta"
"human3_lib4.final_cell_0840","ACTGCGTTG-GGCCTAAG","alpha"
"human3_lib4.final_cell_0841","ACCCTTGGT-GTATGAGT","beta"
"human3_lib4.final_cell_0842","GATACCAGGC-TGTGGCTA","endothelial"
"human3_lib4.final_cell_0843","TGACCTCGTCT-CACTCCTC","ductal"
"human3_lib4.final_cell_0844","TGAAGCGCGAT-CTTTAATC","endothelial"
"human3_lib4.final_cell_0845","GAGAAGGCTT-AGAACGGG","beta"
"human3_lib4.final_cell_0846","TGAAACACACG-CTAGTAAC","quiescent_stellate"
"human3_lib4.final_cell_0847","GATGTAAAGG-CAGTTTGC","endothelial"
"human3_lib4.final_cell_0848","AGATGTATT-TGGTATGA","alpha"
"human3_lib4.final_cell_0849","TGATTGCACGC-TGATGCCC","alpha"
"human3_lib4.final_cell_0850","TTGCATAT-ATATCTTC","beta"
"human3_lib4.final_cell_0851","GATTTAACAG-TACCGGCA","alpha"
"human3_lib4.final_cell_0852","TGAGCAGGGTA-GGGAACCT","activated_stellate"
"human3_lib4.final_cell_0853","AGCCTCTTT-GGGAGGTA","quiescent_stellate"
"human3_lib4.final_cell_0854","GCTTACCT-CGCTAGTC","alpha"
"human3_lib4.final_cell_0855","GACGAGATGT-TAAGACGG","beta"
"human3_lib4.final_cell_0856","AAGCGCCTT-TGTACACG","alpha"
"human3_lib4.final_cell_0857","GACGAGATGT-CGTGCTAG","alpha"
"human3_lib4.final_cell_0858","ACCCTTGGT-AGCTATGA","beta"
"human3_lib4.final_cell_0859","GCTTTGGC-CTGAGTGC","activated_stellate"
"human3_lib4.final_cell_0860","TTGCATAT-GGGAAATC","beta"
"human3_lib4.final_cell_0861","GATGACCCTC-TTCCGAGT","alpha"
"human3_lib4.final_cell_0862","AGCTTTCCA-AGGAGCTT","beta"
"human3_lib4.final_cell_0863","TGAAACCCTTG-AGGTTGTG","delta"
"human3_lib4.final_cell_0864","AATATCTTC-ATCCCACG","quiescent_stellate"
"human3_lib4.final_cell_0865","GACAGTCCCT-TTTGTGTC","alpha"
"human3_lib4.final_cell_0866","ATCAGCGC-AAACTCGA","beta"
"human3_lib4.final_cell_0867","CCGCTGTT-ATGAAGCA","beta"
"human3_lib4.final_cell_0868","GAATCAAGTG-CCTGTTAT","alpha"
"human3_lib4.final_cell_0869","ACTCCGCAT-TGCGACAG","beta"
"human3_lib4.final_cell_0870","TGACTTCTGGA-AAACTGGT","alpha"
"human3_lib4.final_cell_0871","GACGTCAGCA-TTTGGGAG","beta"
"human3_lib4.final_cell_0872","TTTGTGTC-CGCCTTGA","delta"
"human3_lib4.final_cell_0873","GTTACGAT-TCGGTTCG","ductal"
"human3_lib4.final_cell_0874","TGACGGGTAGT-GCCACATC","alpha"
"human3_lib4.final_cell_0875","GAGAGAATTG-ACAGCGGA","beta"
"human3_lib4.final_cell_0876","TGAGATTTACC-TCTGCATC","endothelial"
"human3_lib4.final_cell_0877","AGATGTATT-ATATGCAT","beta"
"human3_lib4.final_cell_0878","AGCAACCTG-TCCTTATT","beta"
"human3_lib4.final_cell_0879","TGACACTTTCT-CTTCTTCG","alpha"
"human3_lib4.final_cell_0880","TGAGGCTACTA-CCAACCGT","alpha"
"human3_lib4.final_cell_0881","GACGCTAGTC-TAGAAATG","alpha"
"human3_lib4.final_cell_0882","GATCCGTCCA-TAGCTTAT","alpha"
"human3_lib4.final_cell_0883","GACGCCTTGA-TCATGAGG","schwann"
"human3_lib4.final_cell_0884","GACTCTTGAC-AGTTTAGA","alpha"
"human3_lib4.final_cell_0885","GACCTATTCA-ACGCAGAG","beta"
"human3_lib4.final_cell_0886","ACCGCAACT-TGCGACAG","macrophage"
"human3_lib4.final_cell_0887","GATCTCAACC-GAATACGC","endothelial"
"human3_lib4.final_cell_0888","GCAGCATG-TAGTGTTT","ductal"
"human3_lib4.final_cell_0889","GTACCTTG-GAATTCGT","beta"
"human3_lib4.final_cell_0890","TGACACTTTCT-AGGTTGTG","alpha"
"human3_lib4.final_cell_0891","GACGAATAAT-ATGAAGCA","alpha"
"human3_lib4.final_cell_0892","GTTTGTTT-CACAACAG","quiescent_stellate"
"human3_lib4.final_cell_0893","GAGTCCAAAG-TTAAACTG","acinar"
"human3_lib4.final_cell_0894","GCAGCATG-AATGTTTG","ductal"
"human3_lib4.final_cell_0895","TGACTAGTAAC-TTAAACTG","alpha"
"human3_lib4.final_cell_0896","TGCTATTT-AAACTCGA","beta"
"human3_lib4.final_cell_0897","GCTTACCT-GGCCTAAG","alpha"
"human3_lib4.final_cell_0898","GACCCATAGC-CTCCGCAT","beta"
"human3_lib4.final_cell_0899","GAACTGCCGT-TCTCACTT","alpha"
"human4_lib1.final_cell_0001","AATATCTTC-AGTGAAAG","ductal"
"human4_lib1.final_cell_0002","AGGCAACG-GCATGGGT","delta"
"human4_lib1.final_cell_0003","AACGCAGAG-TTGTCGCC","delta"
"human4_lib1.final_cell_0004","CGGCTTAC-CGGGCTTT","ductal"
"human4_lib1.final_cell_0005","AAGCTACGG-TGTAGTTT","ductal"
"human4_lib1.final_cell_0006","TGAAGAAGTTA-GGCTACTA","ductal"
"human4_lib1.final_cell_0007","AGGGAAGGT-ATTTCCGG","ductal"
"human4_lib1.final_cell_0008","ACTTCAAT-TAGCCTCG","alpha"
"human4_lib1.final_cell_0009","AGTCAAAGA-GACAACTT","ductal"
"human4_lib1.final_cell_0010","GACGCTAGTC-ATCCCACG","ductal"
"human4_lib1.final_cell_0011","ACGTGGATA-TTAGTCCG","alpha"
"human4_lib1.final_cell_0012","AACGCAGAG-GGTTAGTG","ductal"
"human4_lib1.final_cell_0013","ATTGTGACT-GAAGCACT","ductal"
"human4_lib1.final_cell_0014","ACTACTTGT-GAATTCGT","ductal"
"human4_lib1.final_cell_0015","TGCGTATC-ATGAAGCA","delta"
"human4_lib1.final_cell_0016","ACTACTTGT-CTTACGGG","activated_stellate"
"human4_lib1.final_cell_0017","GGAGAAGC-GCCACATC","beta"
"human4_lib1.final_cell_0018","AGGGAAGGT-AAAGTCGG","ductal"
"human4_lib1.final_cell_0019","AATATCTTC-GTCAATAC","ductal"
"human4_lib1.final_cell_0020","ATAGTCGCA-ATGTTGGC","beta"
"human4_lib1.final_cell_0021","TGACTACGAGC-AAGTAATC","beta"
"human4_lib1.final_cell_0022","TACAGCCG-ATATAGGA","delta"
"human4_lib1.final_cell_0023","TGAGAGTTCAC-TCCGTCCA","ductal"
"human4_lib1.final_cell_0024","ATTTATCAC-CGAGATGT","delta"
"human4_lib1.final_cell_0025","TGATGTGGCTA-GGTTTCTC","alpha"
"human4_lib1.final_cell_0026","TACCGGCA-TCGACGGT","beta"
"human4_lib1.final_cell_0027","AATATCTTC-ATGGATTA","beta"
"human4_lib1.final_cell_0028","AAAATCGTT-TCTGCATC","delta"
"human4_lib1.final_cell_0029","TGAGACAACTT-CGGAATTT","ductal"
"human4_lib1.final_cell_0030","AATGTTGGC-GGGTGTAT","activated_stellate"
"human4_lib1.final_cell_0031","AAAGTAATC-ACGCCATT","ductal"
"human4_lib1.final_cell_0032","GAAGGCAGTT-GCAAGGAC","ductal"
"human4_lib1.final_cell_0033","TGAAAATGTCG-TTGCACGC","ductal"
"human4_lib1.final_cell_0034","TGATCGACGGT-TCGACGGT","beta"
"human4_lib1.final_cell_0035","TGATCGTCATG-CAAGTCAT","macrophage"
"human4_lib1.final_cell_0036","ATCGGTTCG-GGGCCAAT","alpha"
"human4_lib1.final_cell_0037","ATTGGATCG-GGGTTGGT","beta"
"human4_lib1.final_cell_0038","GATTTAACAG-GTTACGAT","beta"
"human4_lib1.final_cell_0039","TGAATGACCGA-AATTCCCA","alpha"
"human4_lib1.final_cell_0040","ATTGGATCG-TACAAACT","ductal"
"human4_lib1.final_cell_0041","AAATCGGGT-AGATGGCT","beta"
"human4_lib1.final_cell_0042","GAATGGAAAT-GATTGCGA","beta"
"human4_lib1.final_cell_0043","AGTCAATAC-GAGCGGTA","alpha"
"human4_lib1.final_cell_0044","TGAATGACCGA-ACCCATAT","ductal"
"human4_lib1.final_cell_0045","GATGTGAG-GTCGTCGT","ductal"
"human4_lib1.final_cell_0046","TACAGCCG-GGAATAGA","beta"
"human4_lib1.final_cell_0047","ATAGTCGCA-GGGAGGTA","beta"
"human4_lib1.final_cell_0048","TGAAGGAGCTT-GGAGAAGC","alpha"
"human4_lib1.final_cell_0049","AAGTGAAAG-TTTATCAC","beta"
"human4_lib1.final_cell_0050","TGAAACACACG-CAACAAAT","alpha"
"human4_lib1.final_cell_0051","TGAATGACCGA-CCCAAGCA","beta"
"human4_lib1.final_cell_0052","TTGGACTT-TGGCCTGT","ductal"
"human4_lib1.final_cell_0053","GAACAGCGGA-GAGAATTG","beta"
"human4_lib1.final_cell_0054","AAAATCGTT-ACTTCAAT","ductal"
"human4_lib1.final_cell_0055","TACAGCCG-TTAAGCGT","alpha"
"human4_lib1.final_cell_0056","AAAATCGTT-AATGTTTG","beta"
"human4_lib1.final_cell_0057","ATTGGATCG-TAAGACGG","delta"
"human4_lib1.final_cell_0058","TGGCTACC-GTGGAGCT","beta"
"human4_lib1.final_cell_0059","AACTCACCG-TAAGACGG","beta"
"human4_lib1.final_cell_0060","TGATGTTTGAG-GTCAAAGA","ductal"
"human4_lib1.final_cell_0061","GATCGGTTTA-GTCAATAC","beta"
"human4_lib1.final_cell_0062","TGACACAACAG-TTCCAGAC","ductal"
"human4_lib1.final_cell_0063","AAAACTCGA-TACCAGGC","beta"
"human4_lib1.final_cell_0064","ATCATGAGG-GAGGCTGA","ductal"
"human4_lib1.final_cell_0065","GAAGTTTAGA-AACAATCC","ductal"
"human4_lib1.final_cell_0066","TGCTATTT-TAGCCTCG","activated_stellate"
"human4_lib1.final_cell_0067","TGAAGCGCGAT-CTGCGTTG","alpha"
"human4_lib1.final_cell_0068","ACTGCGTTG-TTTGTGTC","alpha"
"human4_lib1.final_cell_0069","TGATCGTCATG-TTTGGGAG","delta"
"human4_lib1.final_cell_0070","AGAAGTCC-AATCGGGT","activated_stellate"
"human4_lib1.final_cell_0071","GATGTGAG-GACAACTT","activated_stellate"
"human4_lib1.final_cell_0072","TGATTGCACGC-AAACTGGT","beta"
"human4_lib1.final_cell_0073","CTTCGATT-CTAGACCC","activated_stellate"
"human4_lib1.final_cell_0074","TGAGGTCTGAC-GTGTAACC","alpha"
"human4_lib1.final_cell_0075","AACTGAGTT-GGGAAGGT","beta"
"human4_lib1.final_cell_0076","AGCCTCTTT-ATATACCT","ductal"
"human4_lib1.final_cell_0077","GAGAAGGCTT-GGGAGGTA","quiescent_stellate"
"human4_lib1.final_cell_0078","ACTTAGGTA-AAATGTCG","beta"
"human4_lib1.final_cell_0079","TGGTATGA-GTCCAAAG","ductal"
"human4_lib1.final_cell_0080","AGTGTCGGA-AATCGGGT","beta"
"human4_lib1.final_cell_0081","TGAGGCGGTTT-TGGAGGAG","beta"
"human4_lib1.final_cell_0082","TGATCGTCATG-ACTAGCCA","activated_stellate"
"human4_lib1.final_cell_0083","AGGTCACAG-CTTCTTCG","delta"
"human4_lib1.final_cell_0084","ATTTATCAC-GGGAGGTA","beta"
"human4_lib1.final_cell_0085","AACTTAGC-GGTCTGAC","beta"
"human4_lib1.final_cell_0086","TGATCGTCATG-GGGAGGTA","beta"
"human4_lib1.final_cell_0087","GGAGAAGC-GGGTTGGT","beta"
"human4_lib1.final_cell_0088","GATTGGCGTT-CCTATTCA","delta"
"human4_lib1.final_cell_0089","AGCAAAGCC-TGGAGGAG","beta"
"human4_lib1.final_cell_0090","AGTGTCGGA-CCACATTA","delta"
"human4_lib1.final_cell_0091","GGATAAAG-CCAACCGT","alpha"
"human4_lib1.final_cell_0092","AAGTGAAAG-GGCTACTA","ductal"
"human4_lib1.final_cell_0093","GATGACGGAC-GTTACCGC","alpha"
"human4_lib1.final_cell_0094","AATTCCCA-TAAATAGG","alpha"
"human4_lib1.final_cell_0095","GATGGAGGAG-GGAAACAG","alpha"
"human4_lib1.final_cell_0096","GTGTAACC-AGAGGTGG","macrophage"
"human4_lib1.final_cell_0097","GATGAAATGA-GTATGAGT","delta"
"human4_lib1.final_cell_0098","TGATCCCTGAT-CAACGTGG","ductal"
"human4_lib1.final_cell_0099","GATGCCATCG-ATGACCGA","ductal"
"human4_lib1.final_cell_0100","TGAGAGGCTGA-GTTGCACG","beta"
"human4_lib1.final_cell_0101","TGCTATTT-GGGAACCT","ductal"
"human4_lib1.final_cell_0102","GAGTTTCG-AGCGCGAT","beta"
"human4_lib1.final_cell_0103","GAGTTTCG-GTAATCCC","beta"
"human4_lib1.final_cell_0104","GTTCAACT-AAACTCGA","alpha"
"human4_lib1.final_cell_0105","TGATGATAACA-AAATCGTT","beta"
"human4_lib1.final_cell_0106","GAACAGCGGA-TTTATCAC","delta"
"human4_lib1.final_cell_0107","ACTTAGGTA-CTCGATGC","alpha"
"human4_lib1.final_cell_0108","GTTTGTTT-AGAACGGG","alpha"
"human4_lib1.final_cell_0109","GATAGTGTTT-AGAGGTGG","delta"
"human4_lib1.final_cell_0110","ATTAGGACC-AAAGCCTA","beta"
"human4_lib1.final_cell_0111","GATCGGTTTA-CGACGTCA","ductal"
"human4_lib1.final_cell_0112","GACTGTCTGG-CTATAGAG","beta"
"human4_lib1.final_cell_0113","ATTTGGGAG-AGAAGTCC","beta"
"human4_lib1.final_cell_0114","ACGGACAAC-GGGAAATC","delta"
"human4_lib1.final_cell_0115","CGTATTTC-CGACTCCT","acinar"
"human4_lib1.final_cell_0116","GAGCGTTGCT-ATCCCACG","ductal"
"human4_lib1.final_cell_0117","ACTCCGCAT-GGTCTGAC","alpha"
"human4_lib1.final_cell_0118","AATATCTTC-TCGGTTTA","ductal"
"human4_lib1.final_cell_0119","AATCCCACG-GGCCTAAG","ductal"
"human4_lib1.final_cell_0120","GACTGTCTGG-TGTGGCTA","beta"
"human4_lib1.final_cell_0121","TGAGGGAAATC-CCGTGTTT","beta"
"human4_lib1.final_cell_0122","TTGGACTT-GTGTCGGA","gamma"
"human4_lib1.final_cell_0123","GATGTACACG-CTCGCGTA","alpha"
"human4_lib1.final_cell_0124","ATCTAGCAG-TGCGTATC","beta"
"human4_lib1.final_cell_0125","TGATAGAAATG-TACCAGGC","beta"
"human4_lib1.final_cell_0126","AACTGAGTT-CTAGTAAC","beta"
"human4_lib1.final_cell_0127","AATACTCTT-GTAATCCC","ductal"
"human4_lib1.final_cell_0128","TGAAGAAGTTA-CAATACTT","activated_stellate"
"human4_lib1.final_cell_0129","GACCCTTCAG-ATATAGGA","delta"
"human4_lib1.final_cell_0130","AAAGGTAAT-AAACTCGA","beta"
"human4_lib1.final_cell_0131","GATCCGTCCA-GATTTACC","ductal"
"human4_lib1.final_cell_0132","ATAGTGGAC-ACTAGCCA","beta"
"human4_lib1.final_cell_0133","ACCCGACTT-TGTTTGAG","ductal"
"human4_lib1.final_cell_0134","AAAGTAATC-TTCGGCCT","ductal"
"human4_lib1.final_cell_0135","AAGCTATGA-CTTCAGGT","beta"
"human4_lib1.final_cell_0136","TGAATACCCAG-ACCCACGA","alpha"
"human4_lib1.final_cell_0137","TGAAGAAGTTA-TACCAGGC","ductal"
"human4_lib1.final_cell_0138","TGAGACAAAGG-GGGAACGA","delta"
"human4_lib1.final_cell_0139","GAATCAAGTG-GTCCAAAG","beta"
"human4_lib1.final_cell_0140","AGCACCTCT-AAACGCCT","delta"
"human4_lib1.final_cell_0141","ACAGATTAC-CGCTAATA","delta"
"human4_lib1.final_cell_0142","GCTCTAGT-GAACGATT","alpha"
"human4_lib1.final_cell_0143","GCAGTCGA-CTGCGTTG","alpha"
"human4_lib1.final_cell_0144","ACGTGGATA-TAGTCGCA","ductal"
"human4_lib1.final_cell_0145","AACCCATAT-ATATGCAT","macrophage"
"human4_lib1.final_cell_0146","GAGAGAATTG-GGATAAAG","alpha"
"human4_lib1.final_cell_0147","GACGTACCTA-GGAAACAG","ductal"
"human4_lib1.final_cell_0148","TGATGATAACA-ATTCCTTG","ductal"
"human4_lib1.final_cell_0149","ACAGATTAC-AAACCTCC","ductal"
"human4_lib1.final_cell_0150","TGATGATAACA-CTTCGATT","beta"
"human4_lib1.final_cell_0151","GACATTTGTT-CGTGGATA","beta"
"human4_lib1.final_cell_0152","TGAGCAGGGTA-GGTTTCTC","alpha"
"human4_lib1.final_cell_0153","TGATTGCACGC-TTGGCGTT","beta"
"human4_lib1.final_cell_0154","ATTTATCAC-ATCAGCGC","alpha"
"human4_lib1.final_cell_0155","TGACACAAGGC-AAAGTCGG","beta"
"human4_lib1.final_cell_0156","TGACTACGAGC-GTCCATGT","beta"
"human4_lib1.final_cell_0157","ACGTGCTAG-TAAATAGG","ductal"
"human4_lib1.final_cell_0158","GACCTACTAG-CAACGTGG","ductal"
"human4_lib1.final_cell_0159","AAATCAGA-TCCAGGGA","beta"
"human4_lib1.final_cell_0160","GATCCCAATC-GTGTCGGA","beta"
"human4_lib1.final_cell_0161","AATGGATTA-GTACACTC","alpha"
"human4_lib1.final_cell_0162","AACTGAGTT-CGGACAAC","alpha"
"human4_lib1.final_cell_0163","GAGAATTCGT-ATTTCCGG","beta"
"human4_lib1.final_cell_0164","AATGTTTG-CTAGATTG","beta"
"human4_lib1.final_cell_0165","GCAGTCGA-GAAGGCTT","alpha"
"human4_lib1.final_cell_0166","AAAAGCCTA-ATGACTTT","beta"
"human4_lib1.final_cell_0167","AACGAAACG-GCAAAGCC","beta"
"human4_lib1.final_cell_0168","ATTCGTTCC-AGCACCAC","alpha"
"human4_lib1.final_cell_0169","AGGTCACAG-AAACAGGG","delta"
"human4_lib1.final_cell_0170","AAGCTATGA-AGAAGTTA","beta"
"human4_lib1.final_cell_0171","TGACTAGTAAC-TCTGCATC","alpha"
"human4_lib1.final_cell_0172","TGATCCCGTAG-TCTAGCAG","beta"
"human4_lib1.final_cell_0173","GATGGAGGAG-ATCAAGTG","beta"
"human4_lib1.final_cell_0174","TGATCGTCATG-GGAGAAGC","beta"
"human4_lib1.final_cell_0175","AGAGACTA-AATCGGGT","beta"
"human4_lib1.final_cell_0176","TGGTATGA-CCCGAATG","delta"
"human4_lib1.final_cell_0177","TGAACATCTAT-ATACTCTT","beta"
"human4_lib1.final_cell_0178","GATGAAATGA-ACGGTAGC","ductal"
"human4_lib1.final_cell_0179","TGACAACAAAT-GAACGATT","gamma"
"human4_lib1.final_cell_0180","TGAGAGGCTGA-TTCACATA","delta"
"human4_lib1.final_cell_0181","AAAACTCGA-AAATCGTT","ductal"
"human4_lib1.final_cell_0182","TGAAACACACG-CAGACCAT","alpha"
"human4_lib1.final_cell_0183","TGAACGCTCAG-TGGCCTGT","ductal"
"human4_lib1.final_cell_0184","GACCCGAATG-GCCTCTTT","alpha"
"human4_lib1.final_cell_0185","TTTGTGTC-TTCGCTGG","alpha"
"human4_lib1.final_cell_0186","AAATCAGA-GCAGGGTA","delta"
"human4_lib1.final_cell_0187","AAGTGAAAG-ACGTATAC","alpha"
"human4_lib1.final_cell_0188","ATCACGTTT-ATACCCAG","beta"
"human4_lib1.final_cell_0189","GACGAATAAT-CCTGTTAT","delta"
"human4_lib1.final_cell_0190","AAGCTATGA-TGCCATCG","alpha"
"human4_lib1.final_cell_0191","ATAGTCGCA-GAATTCGT","alpha"
"human4_lib1.final_cell_0192","TGCGTATC-ACCACGCT","delta"
"human4_lib1.final_cell_0193","TACAGCCG-CTTACGGG","beta"
"human4_lib1.final_cell_0194","ATCTGCATC-ACTCACCG","beta"
"human4_lib1.final_cell_0195","TGATCGACACC-GTGGAGCT","alpha"
"human4_lib1.final_cell_0196","GACACGGACT-TCATGAGG","gamma"
"human4_lib1.final_cell_0197","TGGTATGA-ATGCGGAT","beta"
"human4_lib1.final_cell_0198","TGATCCCGTAG-CACTCCTC","beta"
"human4_lib1.final_cell_0199","GATGTTCCAG-CACAACAG","gamma"
"human4_lib1.final_cell_0200","AAAACTCGA-CATACATT","delta"
"human4_lib1.final_cell_0201","TGAATTCGACG-GCTTACCT","ductal"
"human4_lib1.final_cell_0202","AATATACCT-CGATTGAT","beta"
"human4_lib1.final_cell_0203","CTTTAATC-GAGCGGTA","alpha"
"human4_lib1.final_cell_0204","AAGCTACGG-TGATGCCC","delta"
"human4_lib1.final_cell_0205","TGAGGTCTGAC-AGACACCA","beta"
"human4_lib1.final_cell_0206","GATTTAACAG-GCTTACCT","beta"
"human4_lib1.final_cell_0207","GGAAACAG-CGTGCTAG","alpha"
"human4_lib1.final_cell_0208","TGATAGAAATG-AAACCTCC","ductal"
"human4_lib1.final_cell_0209","TGACCAGT-AGGAAGAC","ductal"
"human4_lib1.final_cell_0210","AGAACGATT-AGCGCGAT","beta"
"human4_lib1.final_cell_0211","AATGGATTA-TCTAGCAG","alpha"
"human4_lib1.final_cell_0212","GATGTTCCAG-GTCCGTAC","ductal"
"human4_lib1.final_cell_0213","GACCTGACAC-GTGGAGCT","activated_stellate"
"human4_lib1.final_cell_0214","GACCTACTAG-GACGATGG","alpha"
"human4_lib1.final_cell_0215","CAGTTTGC-CGCTAGTC","beta"
"human4_lib1.final_cell_0216","ACCGTGTTT-GGGAGGTA","alpha"
"human4_lib1.final_cell_0217","AAGAACGGG-CTAGACCC","ductal"
"human4_lib1.final_cell_0218","CGGCTTAC-GGGAAGGT","beta"
"human4_lib1.final_cell_0219","GACCTATTCA-GGGCCAAT","beta"
"human4_lib1.final_cell_0220","GATTAAACTG-GATGTATT","ductal"
"human4_lib1.final_cell_0221","GATGTTCCAG-TTTATCAC","beta"
"human4_lib1.final_cell_0222","ATATGCAT-TGACCAGT","beta"
"human4_lib1.final_cell_0223","GAGGACTTCC-AACCCTTG","ductal"
"human4_lib1.final_cell_0224","TCATCCTT-AGGAAGAC","beta"
"human4_lib1.final_cell_0225","TGAATTCGACG-TGCGACAG","beta"
"human4_lib1.final_cell_0226","GATGGGATTC-GGTCACAG","beta"
"human4_lib1.final_cell_0227","GAGATCTCGG-GGATAAAG","beta"
"human4_lib1.final_cell_0228","CAGTTTGC-GTCAATAC","alpha"
"human4_lib1.final_cell_0229","GAATGGAAAT-CTACTTGT","delta"
"human4_lib1.final_cell_0230","TACTTGTG-TAAATAGG","alpha"
"human4_lib1.final_cell_0231","TGATGTCTTTC-TGGCTACC","macrophage"
"human4_lib1.final_cell_0232","GAATTGGGCC-CAGATTAC","alpha"
"human4_lib1.final_cell_0233","ATCCGCTA-GTTGCACG","alpha"
"human4_lib1.final_cell_0234","GACGAATAAT-GAAAGACC","beta"
"human4_lib1.final_cell_0235","TGACCAGT-CCATTACT","activated_stellate"
"human4_lib1.final_cell_0236","TGAAACAATCC-GTGGAGCT","beta"
"human4_lib1.final_cell_0237","AAATCAGA-CTCGCGTA","beta"
"human4_lib1.final_cell_0238","GAGACGATGG-ATACCCAG","ductal"
"human4_lib1.final_cell_0239","TACTTGTG-TCATGAGG","ductal"
"human4_lib1.final_cell_0240","ATAGTGGAC-CGAACGTA","gamma"
"human4_lib1.final_cell_0241","TGCGACAG-AGCTATGA","beta"
"human4_lib1.final_cell_0242","GTACCTTG-CAACGTGG","ductal"
"human4_lib1.final_cell_0243","GACGCTAGTC-AGGTTGTG","beta"
"human4_lib1.final_cell_0244","ATGCTCCGT-GGCCTAAG","beta"
"human4_lib1.final_cell_0245","AGGGCCAAT-TCATATGG","beta"
"human4_lib1.final_cell_0246","GACCTGACAC-CATCTCCC","beta"
"human4_lib1.final_cell_0247","AGATGTATT-CAGGTGTC","beta"
"human4_lib1.final_cell_0248","AATGTTGGC-CTGGTGCA","alpha"
"human4_lib1.final_cell_0249","TGACACAACAG-GTACACTC","delta"
"human4_lib1.final_cell_0250","CCCATCTG-TCGACACC","alpha"
"human4_lib1.final_cell_0251","GACGTACCTA-ACAGCGGA","ductal"
"human4_lib1.final_cell_0252","TGATCGTCATG-CGTGGATA","ductal"
"human4_lib1.final_cell_0253","TGAATGACTTT-TTAGTCCG","beta"
"human4_lib1.final_cell_0254","AGGGCCAAT-CCCATCTG","alpha"
"human4_lib1.final_cell_0255","TGATTGCACGC-TGGGATTC","alpha"
"human4_lib1.final_cell_0256","GACCTATTCA-AGGATTCA","ductal"
"human4_lib1.final_cell_0257","TGATAACCCGT-GAGTTTCG","ductal"
"human4_lib1.final_cell_0258","GAACTAGGAT-GCGTTGCT","alpha"
"human4_lib1.final_cell_0259","TCCAGGGA-GAGGCTGA","alpha"
"human4_lib1.final_cell_0260","TTTGTGTC-CTACTTGT","ductal"
"human4_lib1.final_cell_0261","ATCTGCATC-ACGCTCAG","beta"
"human4_lib1.final_cell_0262","TGAGCAGGGTA-GGAAACAG","beta"
"human4_lib1.final_cell_0263","TTCGGCCT-CTAGATTG","alpha"
"human4_lib1.final_cell_0264","TGAAAACAGGG-CAATACTT","ductal"
"human4_lib1.final_cell_0265","AATGTTTG-CGAATAAT","gamma"
"human4_lib1.final_cell_0266","GAGATCTCGG-CTTACGGG","beta"
"human4_lib1.final_cell_0267","CCAACCGT-TCCCTGAT","delta"
"human4_lib1.final_cell_0268","GTAACGTT-CAGGTGTC","gamma"
"human4_lib1.final_cell_0269","GAATGGAAAT-GAGAGTAT","beta"
"human4_lib1.final_cell_0270","ACCGCAACT-CGTATTTC","ductal"
"human4_lib1.final_cell_0271","AGCCTCTTT-AGGATTCA","ductal"
"human4_lib1.final_cell_0272","GCAGCATG-GCCTCTTT","beta"
"human4_lib1.final_cell_0273","ACAGATTAC-GGAGAAGC","ductal"
"human4_lib1.final_cell_0274","GAACTGCCGT-CCGCTGTT","beta"
"human4_lib1.final_cell_0275","TGAGGGAAATC-TAGTGTTT","alpha"
"human4_lib1.final_cell_0276","TGAAGAAGTTA-TCGACGGT","beta"
"human4_lib1.final_cell_0277","TGAAAACAGGG-CGACTCCT","beta"
"human4_lib1.final_cell_0278","TGACACAACAG-TTGGACTT","beta"
"human4_lib1.final_cell_0279","ACCTTCTT-TTTAACAG","alpha"
"human4_lib1.final_cell_0280","TGAGTAATCCC-ACCCATAT","beta"
"human4_lib1.final_cell_0281","TACCGGCA-CTAGACCC","alpha"
"human4_lib1.final_cell_0282","GCAGTCGA-TGACCCTC","beta"
"human4_lib1.final_cell_0283","AGGGTGTAT-CGTATCGG","beta"
"human4_lib1.final_cell_0284","GAACCACGCT-GGTGGGAT","alpha"
"human4_lib1.final_cell_0285","AGCACCAC-AATGACCC","ductal"
"human4_lib1.final_cell_0286","TGAATATAGGA-AGCTATGA","alpha"
"human4_lib1.final_cell_0287","TGAAGGTTGTG-ATATGCAT","ductal"
"human4_lib1.final_cell_0288","GACGTACCTA-TTCGTTCC","beta"
"human4_lib1.final_cell_0289","TGAAAACTGGT-TGATAACA","alpha"
"human4_lib1.final_cell_0290","GATCCCAATC-ACATCTAT","beta"
"human4_lib1.final_cell_0291","GACCTACTAG-TTTAACAG","beta"
"human4_lib1.final_cell_0292","ACAGGTGTC-CGCTAATA","beta"
"human4_lib1.final_cell_0293","ACCCTTGGT-GGAGAAGC","beta"
"human4_lib1.final_cell_0294","GGGTTGGT-TTGTCGCC","alpha"
"human4_lib1.final_cell_0295","TGGCTACC-CCCAAGCA","macrophage"
"human4_lib1.final_cell_0296","GGAGAAGC-CGCTAGTC","alpha"
"human4_lib1.final_cell_0297","ACGTATAC-AAAGTCGG","delta"
"human4_lib1.final_cell_0298","GCAGCATG-ATATACCT","gamma"
"human4_lib1.final_cell_0299","TGCGACAG-AAATCGTT","beta"
"human4_lib1.final_cell_0300","GTGTAACC-TTTGTGTC","beta"
"human4_lib1.final_cell_0301","AAAATCGTT-CACTCCTC","delta"
"human4_lib1.final_cell_0302","AATATCTTC-GATCGTTT","ductal"
"human4_lib1.final_cell_0303","GATGTGCTCA-TTCACATA","ductal"
"human4_lib1.final_cell_0304","GATCGTTT-GAAGTGCC","beta"
"human4_lib1.final_cell_0305","TGATCACCGAG-CCTGACAC","beta"
"human4_lib1.final_cell_0306","GACGAGATGT-CGAACGTA","alpha"
"human4_lib1.final_cell_0307","GACGCCTTGA-CTACCGTT","beta"
"human4_lib1.final_cell_0308","GGTGGGAT-TCACGTTT","alpha"
"human4_lib1.final_cell_0309","GTTTGTTT-TCGGTTTA","activated_stellate"
"human4_lib1.final_cell_0310","ACTTAGGTA-GATTTACC","alpha"
"human4_lib1.final_cell_0311","CCGCTGTT-CGGCACAT","gamma"
"human4_lib1.final_cell_0312","GACGCCTTGA-GTTACGAT","delta"
"human4_lib1.final_cell_0313","TGATCCCTGAT-TCTCACTT","beta"
"human4_lib1.final_cell_0314","ATCTTTGT-TTCGCTGG","alpha"
"human4_lib1.final_cell_0315","TGATCCAGTCC-CACAAGGC","alpha"
"human4_lib1.final_cell_0316","GACACGGACT-TGACCCTC","beta"
"human4_lib1.final_cell_0317","TGATGCCC-ATCTTTGT","delta"
"human4_lib1.final_cell_0318","ATTGGATCG-ATGACCGA","delta"
"human4_lib1.final_cell_0319","GAGAGCCCAT-AAAGTCGG","delta"
"human4_lib1.final_cell_0320","GATGACCCTC-TGTGTCCT","alpha"
"human4_lib1.final_cell_0321","TGACGGGTAGT-AGCGAAGT","beta"
"human4_lib1.final_cell_0322","TTATAGCC-GGATAAAG","beta"
"human4_lib1.final_cell_0323","ATAGTCGCA-AGAGACTA","activated_stellate"
"human4_lib1.final_cell_0324","TGCGACAG-TATTGCCT","ductal"
"human4_lib1.final_cell_0325","TGATCGACACC-GTAATCCC","beta"
"human4_lib1.final_cell_0326","GAAAGATTGT-TTAGTCCG","epsilon"
"human4_lib1.final_cell_0327","AGAACGATT-CGATTGAT","alpha"
"human4_lib1.final_cell_0328","ACTGAGTGC-CAGATTAC","gamma"
"human4_lib1.final_cell_0329","CAGTTTGC-CGAACGTA","gamma"
"human4_lib1.final_cell_0330","GAGGTCCCTT-GGCCCTTA","beta"
"human4_lib1.final_cell_0331","TGACACAACAG-TGCCATCG","gamma"
"human4_lib1.final_cell_0332","TGAAGCGCGAT-TCACCGAG","alpha"
"human4_lib1.final_cell_0333","TGACTTCGCAC-TGGTTTCT","alpha"
"human4_lib1.final_cell_0334","TTGGACTT-CCGCAACT","beta"
"human4_lib1.final_cell_0335","TGGCTACC-TGGCTACC","alpha"
"human4_lib1.final_cell_0336","CCCATCTG-ACTCACCG","ductal"
"human4_lib1.final_cell_0337","TGAGGTTTCTC-TAGTGGAC","delta"
"human4_lib1.final_cell_0338","GATGGTTTCT-ATGAAGCA","alpha"
"human4_lib1.final_cell_0339","GACCTATTCA-TGCCTCAC","beta"
"human4_lib1.final_cell_0340","GACGTACCTA-CGGCACAT","beta"
"human4_lib1.final_cell_0341","AGCCTCTTT-AAAGTCGG","alpha"
"human4_lib1.final_cell_0342","ATCAGCGC-TACAGCCG","beta"
"human4_lib1.final_cell_0343","GATACAAACT-GATGTATT","ductal"
"human4_lib1.final_cell_0344","AGAGACTA-GGAATAGA","alpha"
"human4_lib1.final_cell_0345","AGGCCTAAG-GAGGCTGA","alpha"
"human4_lib1.final_cell_0346","GACTTCTTCG-GTGGATGG","ductal"
"human4_lib1.final_cell_0347","TGAATTCGACG-GCCACATC","delta"
"human4_lib1.final_cell_0348","GAACCACGCT-AGTTTAGA","beta"
"human4_lib1.final_cell_0349","GAGAATACGC-GTGGAGCT","macrophage"
"human4_lib1.final_cell_0350","ACAGATTAC-CTTACTCC","alpha"
"human4_lib1.final_cell_0351","GAGGACTTCC-AGGCAGTT","ductal"
"human4_lib1.final_cell_0352","ACCATTTGA-CTAGATTG","beta"
"human4_lib1.final_cell_0353","TGAGTTCTGTT-CCGCAACT","alpha"
"human4_lib1.final_cell_0354","TGACACAAGGC-AATGACCC","activated_stellate"
"human4_lib1.final_cell_0355","GCAGTCGA-AGCAGAAC","ductal"
"human4_lib1.final_cell_0356","GCTCTAGT-CTCGCGTA","beta"
"human4_lib1.final_cell_0357","ACCCTAACC-ACCTTCTT","alpha"
"human4_lib1.final_cell_0358","TTATCTGT-TGGCCTGT","beta"
"human4_lib1.final_cell_0359","ATTCGTTCC-TTGATTCT","beta"
"human4_lib1.final_cell_0360","ATAGTGGAC-TGTGCTCA","ductal"
"human4_lib1.final_cell_0361","CATCGCAG-GGCCCTTA","endothelial"
"human4_lib1.final_cell_0362","TCGAAGCT-GGTGACAC","ductal"
"human4_lib1.final_cell_0363","GACCACATTA-AACCTGAC","alpha"
"human4_lib1.final_cell_0364","TGACATACATT-CTCCGCAT","ductal"
"human4_lib1.final_cell_0365","TGAAGGAGCTT-CGTCAGCA","gamma"
"human4_lib1.final_cell_0366","GTACCTTG-TCATCCTT","beta"
"human4_lib1.final_cell_0367","GACGTCAGCA-ACGAAACG","activated_stellate"
"human4_lib1.final_cell_0368","GACGTACCTA-TCATCCTT","beta"
"human4_lib1.final_cell_0369","ACCCACGA-TGAGGTCT","alpha"
"human4_lib1.final_cell_0370","TTAAGCGT-GGTGGGAT","alpha"
"human4_lib1.final_cell_0371","GAGGTCCCTT-CTACTTGT","activated_stellate"
"human4_lib1.final_cell_0372","TGAAGGAGCTT-ACGGTAGC","ductal"
"human4_lib1.final_cell_0373","GAATTGGGCC-GAACGATT","alpha"
"human4_lib1.final_cell_0374","ATATGCAT-TCCAGTCC","beta"
"human4_lib1.final_cell_0375","TGAGGGAAATC-GTTCTGTT","beta"
"human4_lib1.final_cell_0376","AGGGTGTAT-TTCGCTGG","alpha"
"human4_lib1.final_cell_0377","TGAATACCCAG-TAGTCTAG","delta"
"human4_lib1.final_cell_0378","GCTTTGGC-ATACTCTT","beta"
"human4_lib1.final_cell_0379","TGAGGTTTCTC-TAACTACT","ductal"
"human4_lib1.final_cell_0380","AAAAGCCTA-CCTACTAG","beta"
"human4_lib1.final_cell_0381","TGAGAGGCTGA-CGAGATGT","beta"
"human4_lib1.final_cell_0382","GAGTTGTCAT-TCGAAGCT","beta"
"human4_lib1.final_cell_0383","GCAGCATG-GTAACGTT","beta"
"human4_lib1.final_cell_0384","TGAAAACTGGT-GACAGATA","alpha"
"human4_lib1.final_cell_0385","TGACTCGATGC-CATCGCAG","beta"
"human4_lib1.final_cell_0386","TCCTTATT-CACTTTCT","alpha"
"human4_lib1.final_cell_0387","ACCCTAACC-GTCTCTCT","delta"
"human4_lib1.final_cell_0388","GACCACATTA-GAGCGGTA","gamma"
"human4_lib1.final_cell_0389","AGGCCTAAG-AAACAGGG","beta"
"human4_lib1.final_cell_0390","AGGGCCAAT-TGACCCTC","beta"
"human4_lib1.final_cell_0391","TGAGAGTTCAC-CCTGTTAT","alpha"
"human4_lib1.final_cell_0392","GATAGTGTTT-TAGTGTTT","alpha"
"human4_lib1.final_cell_0393","GACGCCTTGA-ATGGGCAC","delta"
"human4_lib1.final_cell_0394","GATGGAGGAG-TGGTATGA","alpha"
"human4_lib1.final_cell_0395","GAGAAAGACC-TGTGGCTA","gamma"
"human4_lib1.final_cell_0396","CCCATCTG-CACAACAG","beta"
"human4_lib1.final_cell_0397","AAAACCTCC-CTTCAGGT","beta"
"human4_lib1.final_cell_0398","TGACGAGTCTG-CCTGTTAT","beta"
"human4_lib1.final_cell_0399","TGACGAGTCTG-GGCTACTA","ductal"
"human4_lib1.final_cell_0400","GAGAGAATTG-CGCTCTCA","activated_stellate"
"human4_lib1.final_cell_0401","GAACAGCGGA-TCCAGTCC","beta"
"human4_lib1.final_cell_0402","TTCCGCTC-AAACCTCC","ductal"
"human4_lib1.final_cell_0403","GCTCTAGT-AGTTTAGA","beta"
"human4_lib1.final_cell_0404","TGAGGTCTGAC-CCCTTGGT","beta"
"human4_lib1.final_cell_0405","TGAATACCCAG-AACACACG","beta"
"human4_lib1.final_cell_0406","TACAGCCG-AACCCTTG","delta"
"human4_lib1.final_cell_0407","TGACACAACAG-TGGTTTCT","beta"
"human4_lib1.final_cell_0408","GACGGGCTTT-GGCCCTTA","alpha"
"human4_lib1.final_cell_0409","TTTGTGTC-GCCACATC","beta"
"human4_lib1.final_cell_0410","GGATAAAG-CAATTAGT","beta"
"human4_lib1.final_cell_0411","GAGACAGATA-TTTGGGAG","beta"
"human4_lib1.final_cell_0412","GATGGAGGAG-TGCCATCG","beta"
"human4_lib1.final_cell_0413","AGAACGATT-GTGGATGG","ductal"
"human4_lib1.final_cell_0414","GACCCTTCAG-CCCGAATG","beta"
"human4_lib1.final_cell_0415","AAATGACCC-ACCCACGA","beta"
"human4_lib1.final_cell_0416","GATCCCAATC-GAGTTTCG","alpha"
"human4_lib1.final_cell_0417","TGACTCAGAAT-GCCACATC","beta"
"human4_lib1.final_cell_0418","GAATTGGGCC-CACTTTCT","beta"
"human4_lib1.final_cell_0419","AGGTCACAG-CCTCGTCT","delta"
"human4_lib1.final_cell_0420","TTGCATAT-CTCGATGC","ductal"
"human4_lib1.final_cell_0421","GATCCGTCCA-CTTCTGGA","alpha"
"human4_lib1.final_cell_0422","GCAGCATG-GTTTACGT","ductal"
"human4_lib1.final_cell_0423","GACTTACTCC-GTCCATGT","beta"
"human4_lib1.final_cell_0424","TGAAGGTTGTG-TTAAACTG","alpha"
"human4_lib1.final_cell_0425","TGAAGGTTGTG-ATTCAGTA","endothelial"
"human4_lib1.final_cell_0426","GTACCTTG-ATGGATTA","beta"
"human4_lib1.final_cell_0427","AAGCTATGA-CTCCGCAT","beta"
"human4_lib1.final_cell_0428","GAATTCCTTG-TAGAAATG","alpha"
"human4_lib1.final_cell_0429","TGAGCAAGGAC-TGCTCCGT","beta"
"human4_lib1.final_cell_0430","GACAGTCCCT-ACCCATAT","beta"
"human4_lib1.final_cell_0431","TCGAAGCT-ACGAAACG","beta"
"human4_lib1.final_cell_0432","TGACCTCGTCT-TATTGCCT","beta"
"human4_lib1.final_cell_0433","TGACTACGAGC-CTTACTCC","beta"
"human4_lib1.final_cell_0434","GACGAGATGT-TTCGGCCT","beta"
"human4_lib1.final_cell_0435","ATTGGATCG-CCTGACAC","alpha"
"human4_lib1.final_cell_0436","GACGCTAGTC-TGTGGCTA","beta"
"human4_lib1.final_cell_0437","GATGGGATTC-TGCGACAG","beta"
"human4_lib1.final_cell_0438","ACTCCGCAT-AGCTATGA","ductal"
"human4_lib1.final_cell_0439","GAGAATACGC-ATCAGCGC","ductal"
"human4_lib1.final_cell_0440","ATTCGTTCC-TTGATCTA","activated_stellate"
"human4_lib1.final_cell_0441","GTACCTTG-CAGGTGTC","alpha"
"human4_lib1.final_cell_0442","GACAAGAGGG-ATGGATTA","alpha"
"human4_lib1.final_cell_0443","TGACGAGTCTG-ACATCTAT","alpha"
"human4_lib1.final_cell_0444","GCAGTCGA-GTTTACGT","beta"
"human4_lib1.final_cell_0445","TGAGACAACTT-CGTACCTA","beta"
"human4_lib1.final_cell_0446","TGACTAGTAAC-CTTCTGGA","ductal"
"human4_lib1.final_cell_0447","TGACGTAGAAG-CTCCGCAT","activated_stellate"
"human4_lib1.final_cell_0448","GATCTGTGGT-CCCGACTT","alpha"
"human4_lib1.final_cell_0449","CCAACCGT-CGTGGATA","gamma"
"human4_lib1.final_cell_0450","GATGAAATGA-TGCGACAG","quiescent_stellate"
"human4_lib1.final_cell_0451","GACTTACTCC-ACTTCAAT","beta"
"human4_lib1.final_cell_0452","TCATATGG-CTCCGCAT","ductal"
"human4_lib1.final_cell_0453","CTTCAGGT-TTGCACGC","delta"
"human4_lib1.final_cell_0454","AACTGAGTT-TGTCTTTC","beta"
"human4_lib1.final_cell_0455","ACGTATAC-TGCCATCG","ductal"
"human4_lib1.final_cell_0456","AACGCAGAG-CCCGAATG","beta"
"human4_lib1.final_cell_0457","TTGGACTT-TTGATCTA","alpha"
"human4_lib1.final_cell_0458","TGAAGAAGTTA-ATTGGGCC","gamma"
"human4_lib1.final_cell_0459","GTGTAACC-TGTGGCTA","beta"
"human4_lib1.final_cell_0460","GATGACCCTC-CGGCACAT","alpha"
"human4_lib1.final_cell_0461","GAGCGGTA-GATCGTTT","beta"
"human4_lib1.final_cell_0462","ACGTGCTAG-TGTCTTTC","ductal"
"human4_lib1.final_cell_0463","TGACGGGTAGT-CAGTTTGC","beta"
"human4_lib1.final_cell_0464","TGAAGGAGCTT-TCGACGGT","gamma"
"human4_lib1.final_cell_0465","GCTTACCT-GGAAACAG","beta"
"human4_lib1.final_cell_0466","GAGAATTCGT-GATTTACC","ductal"
"human4_lib1.final_cell_0467","TTTGTGTC-CGCTCTCA","beta"
"human4_lib1.final_cell_0468","TGATCCCTGAT-CGTGGATA","ductal"
"human4_lib1.final_cell_0469","AGTATGAGT-CAGTTTGC","ductal"
"human4_lib1.final_cell_0470","GGTGGGAT-CGGCACAT","gamma"
"human4_lib1.final_cell_0471","TGATCACCGAG-AGAAGTTA","activated_stellate"
"human4_lib1.final_cell_0472","GGCATGCT-TGTTCCAG","alpha"
"human4_lib1.final_cell_0473","ATTCGTTCC-GGCTACTA","alpha"
"human4_lib1.final_cell_0474","GACCCATAGC-AGGATTCA","beta"
"human4_lib1.final_cell_0475","GATGGTTTCT-TTGATTCT","beta"
"human4_lib1.final_cell_0476","TTAAGCGT-GATGTGAG","beta"
"human4_lib1.final_cell_0477","GATGACCCTC-CGGGCTTT","alpha"
"human4_lib1.final_cell_0478","AGGTCACAG-GTGGATGG","beta"
"human4_lib1.final_cell_0479","TGAGGGAAATC-AATGTTTG","alpha"
"human4_lib1.final_cell_0480","ATTCGTTCC-ATTCGACG","alpha"
"human4_lib1.final_cell_0481","TGACACAGTTT-CACAAGGC","alpha"
"human4_lib1.final_cell_0482","TGAGCCACATC-TAGTCTAG","beta"
"human4_lib1.final_cell_0483","CGACGTCA-ACACTAAG","alpha"
"human4_lib1.final_cell_0484","TGATTAGTCCG-TGCCATCG","gamma"
"human4_lib1.final_cell_0485","ACAGATTAC-GTTAACCA","endothelial"
"human4_lib1.final_cell_0486","CGTATTTC-CCCTAACC","beta"
"human4_lib1.final_cell_0487","ACTGAGTGC-AGCTACGG","alpha"
"human4_lib1.final_cell_0488","TGAGCCGGATT-GACGATGG","gamma"
"human4_lib1.final_cell_0489","TGACATACATT-TTGATCTA","beta"
"human4_lib1.final_cell_0490","ATCCGCTA-TTGGACTT","beta"
"human4_lib1.final_cell_0491","CGACGTCA-AAACCTCC","beta"
"human4_lib1.final_cell_0492","GACCTGACAC-TCTGCATC","ductal"
"human4_lib1.final_cell_0493","GGATAAAG-TTGTTTAC","activated_stellate"
"human4_lib1.final_cell_0494","TGAATACCCAG-AGTTTAGA","delta"
"human4_lib1.final_cell_0495","GACATCTCCC-CGCTCTCA","activated_stellate"
"human4_lib1.final_cell_0496","AACTGAGTT-GAATTCGT","ductal"
"human4_lib1.final_cell_0497","TGAATGACTTT-GCAAAGCC","beta"
"human4_lib1.final_cell_0498","TGATCCAGTCC-CACAACAG","alpha"
"human4_lib1.final_cell_0499","GAGCGTTGCT-CCTACTAG","beta"
"human4_lib1.final_cell_0500","GACGCCTTGA-GGCGTTAG","beta"
"human4_lib1.final_cell_0501","TGATCGACGGT-TACGTGCT","beta"
"human4_lib1.final_cell_0502","TGAGTCCATGT-GGTGGGAT","beta"
"human4_lib1.final_cell_0503","GATGTGCTCA-AAACGCCT","beta"
"human4_lib1.final_cell_0504","TGCCTCAC-TTAGTCCG","beta"
"human4_lib1.final_cell_0505","GACCCGAATG-TCTGCATC","gamma"
"human4_lib1.final_cell_0506","AAAGTAATC-CGTGGATA","activated_stellate"
"human4_lib1.final_cell_0507","AGTTTACGT-ATTTCCGG","ductal"
"human4_lib1.final_cell_0508","ATCTGCATC-ATTCCTTG","alpha"
"human4_lib1.final_cell_0509","GAGAAAGACC-CTGCGTTG","beta"
"human4_lib1.final_cell_0510","TGAATGCATGG-AAACTCGA","beta"
"human4_lib1.final_cell_0511","TGCCTCAC-TACTTGTG","alpha"
"human4_lib1.final_cell_0512","TGAGTACACTC-ACGCCATT","beta"
"human4_lib1.final_cell_0513","ATTTGGGAG-TAACCCGT","beta"
"human4_lib1.final_cell_0514","GACCACATTA-GATCTCGG","beta"
"human4_lib1.final_cell_0515","GGCATGCT-TGTTTGAG","beta"
"human4_lib1.final_cell_0516","GTCTCTCT-CCAACCGT","beta"
"human4_lib1.final_cell_0517","TGACTGGTGCA-TGATGCCC","gamma"
"human4_lib1.final_cell_0518","TGATCCCTGAT-GTTAACCA","alpha"
"human4_lib1.final_cell_0519","TGATTCACATA-GTACACTC","alpha"
"human4_lib1.final_cell_0520","TGACCATTACT-TAAGACGG","ductal"
"human4_lib1.final_cell_0521","GGCATGCT-CAGTCCCT","beta"
"human4_lib1.final_cell_0522","ACTAGATTG-TAGCCTCG","beta"
"human4_lib1.final_cell_0523","TTGGACTT-GTACACTC","beta"
"human4_lib1.final_cell_0524","CAGTTTGC-TAGCCTCG","beta"
"human4_lib1.final_cell_0525","ACAGATTAC-CCAACCGT","beta"
"human4_lib1.final_cell_0526","TGAGGTTTCTC-TAGTGTTT","ductal"
"human4_lib1.final_cell_0527","TGACGAGTCTG-CTAGACCC","beta"
"human4_lib1.final_cell_0528","ATGTGTCCT-TTGTTTAC","ductal"
"human4_lib1.final_cell_0529","GGCCCTTA-ACGCTCAG","beta"
"human4_lib1.final_cell_0530","TGACTGTTCTT-CCTCGTCT","delta"
"human4_lib1.final_cell_0531","TGACTGTTCTT-CACGGACT","beta"
"human4_lib1.final_cell_0532","GATCCCAATC-TACCAGGC","beta"
"human4_lib1.final_cell_0533","AGTATGAGT-GGGAACGA","delta"
"human4_lib1.final_cell_0534","CCGCTGTT-AAAGTCGG","ductal"
"human4_lib1.final_cell_0535","GATGTAAAGG-TGTTCCAG","beta"
"human4_lib1.final_cell_0536","GATTAGAC-GCGCATTC","alpha"
"human4_lib1.final_cell_0537","ACCTTCTT-CGCTAATA","beta"
"human4_lib1.final_cell_0538","TGACAGACCAT-CCCATCTG","beta"
"human4_lib1.final_cell_0539","AAGCGCCTT-AGCGAAGT","beta"
"human4_lib1.final_cell_0540","TGAGTACACTC-CGGACAAC","ductal"
"human4_lib1.final_cell_0541","GAACGCCATT-AGGATTCA","alpha"
"human4_lib1.final_cell_0542","GATACAAACT-TGCAAGGG","beta"
"human4_lib1.final_cell_0543","AGCCAAGAT-AAACGCCT","beta"
"human4_lib1.final_cell_0544","TGGCTACC-TACAGCCG","ductal"
"human4_lib1.final_cell_0545","TAACTACT-TAACCATC","alpha"
"human4_lib1.final_cell_0546","AAGATGGCT-TAACTACT","beta"
"human4_lib1.final_cell_0547","GATGTGAG-GTTACCGC","alpha"
"human4_lib1.final_cell_0548","AGATGTATT-GGGAGGTA","activated_stellate"
"human4_lib1.final_cell_0549","GATGACCCTC-CTGCGTTG","activated_stellate"
"human4_lib1.final_cell_0550","AACTGAGTT-CGAGTCTG","delta"
"human4_lib1.final_cell_0551","AAATCGGGT-AAACAGGG","beta"
"human4_lib1.final_cell_0552","GAACTGCCGT-TGACGGAC","beta"
"human4_lib1.final_cell_0553","GAGAGCCCAT-TCTGCATC","beta"
"human4_lib1.final_cell_0554","TGATCGACGGT-GCAGGGTA","ductal"
"human4_lib1.final_cell_0555","GAACCACGCT-TAGCTTAT","beta"
"human4_lib1.final_cell_0556","CCCATCTG-GGCATGCT","ductal"
"human4_lib1.final_cell_0557","AAAACTCGA-ACCACGCT","beta"
"human4_lib1.final_cell_0558","TGACTACCGTT-CTCGATGC","alpha"
"human4_lib1.final_cell_0559","TGATACGTGCT-CCTGTTAT","ductal"
"human4_lib1.final_cell_0560","ACAGGTGTC-CGTACCTA","alpha"
"human4_lib1.final_cell_0561","AATGTTGGC-AGACACCA","gamma"
"human4_lib1.final_cell_0562","TGAGCCACATC-AAATCGTT","alpha"
"human4_lib1.final_cell_0563","TGAATACCCAG-CGAGTCTG","beta"
"human4_lib1.final_cell_0564","GAACGCCATT-TTGTTTAC","ductal"
"human4_lib1.final_cell_0565","AAGATGGCT-GGCTACTA","beta"
"human4_lib1.final_cell_0566","TGAATTCGACG-ATGACTTT","ductal"
"human4_lib1.final_cell_0567","AGAAGTGCC-CGAGTCTG","beta"
"human4_lib1.final_cell_0568","GAAGTTTAGA-CAAGAGGG","t_cell"
"human4_lib1.final_cell_0569","TAACTACT-AACAATCC","alpha"
"human4_lib1.final_cell_0570","GACCTACTAG-GCAACCTG","gamma"
"human4_lib1.final_cell_0571","CCCATCTG-ATTCGACG","delta"
"human4_lib1.final_cell_0572","GATGTGCTCA-GAGGCTGA","endothelial"
"human4_lib1.final_cell_0573","TGAATGCATGG-ATGACCGA","alpha"
"human4_lib1.final_cell_0574","TGACTTCGCAC-GTTTGTTT","alpha"
"human4_lib1.final_cell_0575","GTTACGAT-CAACGTGG","gamma"
"human4_lib1.final_cell_0576","CGGCTTAC-CGTAGAAG","beta"
"human4_lib1.final_cell_0577","ACTAGATTG-TGCCTCAC","beta"
"human4_lib1.final_cell_0578","TAACTACT-GTCGTCGT","quiescent_stellate"
"human4_lib1.final_cell_0579","GCTCTAGT-CACTCCTC","macrophage"
"human4_lib1.final_cell_0580","TGAGAAGCACT-CGGACAAC","gamma"
"human4_lib1.final_cell_0581","TGACACTTTCT-TAACCATC","alpha"
"human4_lib1.final_cell_0582","GGCCCTTA-ATGAAGCA","beta"
"human4_lib1.final_cell_0583","AATATCTTC-ACAGCGGA","beta"
"human4_lib1.final_cell_0584","ATATGCAT-CTAGACCC","ductal"
"human4_lib1.final_cell_0585","AGCAAAGCC-ATGTTGGC","ductal"
"human4_lib1.final_cell_0586","GATACAAACT-GCGTTGCT","beta"
"human4_lib1.final_cell_0587","GAGGCGTTAG-ACTGAGTT","beta"
"human4_lib1.final_cell_0588","GATCTCAACC-CACAACAG","alpha"
"human4_lib1.final_cell_0589","AGCTTTCCA-TACCGGCA","beta"
"human4_lib1.final_cell_0590","TGACCATTACT-ATGACCGA","ductal"
"human4_lib1.final_cell_0591","GTCTCTCT-TAGTGGAC","alpha"
"human4_lib1.final_cell_0592","ACTACTTGT-CCTATTCA","ductal"
"human4_lib1.final_cell_0593","CGACGTCA-CTACCGTT","alpha"
"human4_lib1.final_cell_0594","TGCTATTT-TGCCTCAC","activated_stellate"
"human4_lib1.final_cell_0595","GGATAAAG-TCTGCATC","ductal"
"human4_lib1.final_cell_0596","GATGACCCTC-TGTGCTCA","ductal"
"human4_lib1.final_cell_0597","CAGTTTGC-ATCTTTGT","beta"
"human4_lib1.final_cell_0598","AGGCAACG-CCTGACAC","beta"
"human4_lib1.final_cell_0599","CTATAGAG-CTAGTAAC","ductal"
"human4_lib1.final_cell_0600","TGGCTACC-ACAGCGGA","ductal"
"human4_lib1.final_cell_0601","GCTTTGGC-TGACCCTC","ductal"
"human4_lib1.final_cell_0602","GAACTGCCGT-TGCAAGGG","ductal"
"human4_lib3.final_cell_0001","AGCAGAAC-AGGAAGAC","beta"
"human4_lib3.final_cell_0002","AATTCAGTA-GGATAAAG","delta"
"human4_lib3.final_cell_0003","TGAAGGATTCA-GGAAACAG","delta"
"human4_lib3.final_cell_0004","GATTGATCTA-GTCGTCGT","beta"
"human4_lib3.final_cell_0005","TGATTAGTCCG-TTCACATA","ductal"
"human4_lib3.final_cell_0006","CCGCTGTT-GATCTCGG","ductal"
"human4_lib3.final_cell_0007","AAGTGAAAG-GGGAGGTA","beta"
"human4_lib3.final_cell_0008","AGGGAAGGT-GAGTTCAC","ductal"
"human4_lib3.final_cell_0009","AAAAGTCGG-TGCGTATC","ductal"
"human4_lib3.final_cell_0010","AATTCAGTA-TGGCTACC","beta"
"human4_lib3.final_cell_0011","AGGTCACAG-AGGAAGAC","ductal"
"human4_lib3.final_cell_0012","TGAGGAATAGA-GAGAGTAT","beta"
"human4_lib3.final_cell_0013","TAACTACT-AGTGAAAG","ductal"
"human4_lib3.final_cell_0014","ATAGTCGCA-AGTTTAGA","ductal"
"human4_lib3.final_cell_0015","TGATCGACACC-CACAACAG","ductal"
"human4_lib3.final_cell_0016","AATGCGGAT-AGGCAACG","beta"
"human4_lib3.final_cell_0017","AGAGGTGG-CCAGCAGT","ductal"
"human4_lib3.final_cell_0018","CGAACGTA-GGGAAGGT","delta"
"human4_lib3.final_cell_0019","GAAGGAAGAC-GTGTCGGA","alpha"
"human4_lib3.final_cell_0020","TGAGAGTTCAC-TAAGACGG","ductal"
"human4_lib3.final_cell_0021","AAGCGCCTT-CGTATCGG","ductal"
"human4_lib3.final_cell_0022","GAGATTGCGA-GGGAGGTA","ductal"
"human4_lib3.final_cell_0023","AGTGTCGGA-AAAGTCGG","activated_stellate"
"human4_lib3.final_cell_0024","AACGCAGAG-ATTCAGTA","beta"
"human4_lib3.final_cell_0025","GACGAGATGT-AGAGGTGG","beta"
"human4_lib3.final_cell_0026","TGCGACAG-GAAGGCTT","delta"
"human4_lib3.final_cell_0027","GAACAGCGGA-TCCCGTAG","beta"
"human4_lib3.final_cell_0028","ACAGATTAC-GTCCGTAC","ductal"
"human4_lib3.final_cell_0029","TGAAGGTTGTG-CGTGCTAG","beta"
"human4_lib3.final_cell_0030","AAATGAATG-TTTGTGTC","delta"
"human4_lib3.final_cell_0031","TCCTTATT-CTACCGTT","ductal"
"human4_lib3.final_cell_0032","AGTCAATAC-ACTAGGAT","alpha"
"human4_lib3.final_cell_0033","AAGACACCA-TTCGGCCT","delta"
"human4_lib3.final_cell_0034","GAGATTGCGA-GCTTTCCA","beta"
"human4_lib3.final_cell_0035","ACCGCAACT-TTTATCAC","ductal"
"human4_lib3.final_cell_0036","GAGGCGTTAG-ACCTTGCC","delta"
"human4_lib3.final_cell_0037","CTTTAATC-AAACTCGA","beta"
"human4_lib3.final_cell_0038","ACTAGATTG-ATACCCAG","ductal"
"human4_lib3.final_cell_0039","GACGAATAAT-TGCAAGGG","delta"
"human4_lib3.final_cell_0040","AGGTCACAG-AGCGCGAT","beta"
"human4_lib3.final_cell_0041","TCATCCTT-AGAACGGG","beta"
"human4_lib3.final_cell_0042","GACGCTAGTC-ATTCCTTG","beta"
"human4_lib3.final_cell_0043","TGAGTACACTC-GTGGATGG","ductal"
"human4_lib3.final_cell_0044","TCCTTATT-TGGTATGA","ductal"
"human4_lib3.final_cell_0045","GACGTCAGCA-ATGAAGCA","ductal"
"human4_lib3.final_cell_0046","GATGTGCTCA-AGTGATGC","ductal"
"human4_lib3.final_cell_0047","ACGGAATTT-ACTGCCGT","delta"
"human4_lib3.final_cell_0048","TCCAGGGA-ATCCCACG","alpha"
"human4_lib3.final_cell_0049","AGCTTTCCA-CTTCTTCG","ductal"
"human4_lib3.final_cell_0050","TGATGCCC-TCGAAGCT","delta"
"human4_lib3.final_cell_0051","TGATGTTTGAG-AAGGTAAT","beta"
"human4_lib3.final_cell_0052","ATCATGAGG-GTCAATAC","beta"
"human4_lib3.final_cell_0053","AATGCGGAT-ACCTTCTT","delta"
"human4_lib3.final_cell_0054","GAAGGAAGAC-TAGCCTCG","ductal"
"human4_lib3.final_cell_0055","TGCGACAG-CGTGGATA","ductal"
"human4_lib3.final_cell_0056","GACGACTCCT-AGCGTAGG","delta"
"human4_lib3.final_cell_0057","GACGCTAGTC-ATGACCGA","ductal"
"human4_lib3.final_cell_0058","AATTCAGTA-TCGACACC","delta"
"human4_lib3.final_cell_0059","ACGGAATTT-GACGATGG","activated_stellate"
"human4_lib3.final_cell_0060","ATCGGTTCG-ACAGCGGA","alpha"
"human4_lib3.final_cell_0061","GATCGGTTTA-GATTTACC","beta"
"human4_lib3.final_cell_0062","GATTGATCTA-TGTGGCTA","ductal"
"human4_lib3.final_cell_0063","TGACACAGTTT-GGGTTGGT","ductal"
"human4_lib3.final_cell_0064","GACCTGACAC-TGACGGAC","macrophage"
"human4_lib3.final_cell_0065","TGACGTATCGG-AGCGTAGG","beta"
"human4_lib3.final_cell_0066","AATTCAGTA-GTCAATAC","beta"
"human4_lib3.final_cell_0067","TTCGGCCT-TTTGTGTC","beta"
"human4_lib3.final_cell_0068","GACTTCTTCG-TTGAGGGT","beta"
"human4_lib3.final_cell_0069","ACCGTGTTT-AGAACGGG","ductal"
"human4_lib3.final_cell_0070","TGACTTGGTGT-TTAGTCCG","delta"
"human4_lib3.final_cell_0071","AGTGGATGG-CCAACCGT","ductal"
"human4_lib3.final_cell_0072","GGATAAAG-TAGTGGAC","activated_stellate"
"human4_lib3.final_cell_0073","TGAATTCGACG-CCACATTA","alpha"
"human4_lib3.final_cell_0074","TGAGCAAGGAC-TCTGCATC","delta"
"human4_lib3.final_cell_0075","TGAGATTTACC-TGACGGAC","ductal"
"human4_lib3.final_cell_0076","ATCCGCTA-CGTGGATA","ductal"
"human4_lib3.final_cell_0077","AACTGAGTT-TGGGATTC","beta"
"human4_lib3.final_cell_0078","ACGTGGATA-GAAAGACC","beta"
"human4_lib3.final_cell_0079","AGGTCACAG-TTAGTCCG","ductal"
"human4_lib3.final_cell_0080","AGATGTATT-GAGCCCAT","delta"
"human4_lib3.final_cell_0081","GAGCGTTGCT-CGTGCTAG","beta"
"human4_lib3.final_cell_0082","ATAGTCGCA-AGAACGGG","alpha"
"human4_lib3.final_cell_0083","TTATAGCC-ATCAGCGC","delta"
"human4_lib3.final_cell_0084","AGGCAACG-GTGGAGCT","gamma"
"human4_lib3.final_cell_0085","TGACTTCGCAC-GACAAAGG","beta"
"human4_lib3.final_cell_0086","ACGTGCTAG-TCTCACTT","ductal"
"human4_lib3.final_cell_0087","GATGCCATCG-CTAGATTG","alpha"
"human4_lib3.final_cell_0088","TGATCACCGAG-TGCGTATC","alpha"
"human4_lib3.final_cell_0089","ATTGGATCG-CCCTTGGT","beta"
"human4_lib3.final_cell_0090","ACAGGTGTC-AGATGGCT","activated_stellate"
"human4_lib3.final_cell_0091","GAGATTGCGA-TTTGTGTC","beta"
"human4_lib3.final_cell_0092","TTTGTGTC-AGAGACTA","beta"
"human4_lib3.final_cell_0093","ACTTAGGTA-AACTTAGC","delta"
"human4_lib3.final_cell_0094","ATTCGTTCC-ATTCAGTA","beta"
"human4_lib3.final_cell_0095","TGGTATGA-CCTACTAG","alpha"
"human4_lib3.final_cell_0096","GAGCGGTA-GAGAGTAT","ductal"
"human4_lib3.final_cell_0097","ATCGGTTCG-AAGGTAAT","beta"
"human4_lib3.final_cell_0098","TGAAAACTGGT-CAACGTGG","alpha"
"human4_lib3.final_cell_0099","AATATACCT-ACACTAAG","beta"
"human4_lib3.final_cell_0100","AACCTGAC-ATGTTGGC","ductal"
"human4_lib3.final_cell_0101","GATGTGAG-TGAGGTCT","beta"
"human4_lib3.final_cell_0102","TGAGGCGGTTT-GTCGTCGT","alpha"
"human4_lib3.final_cell_0103","TGAAGCGCGAT-GATTTACC","beta"
"human4_lib3.final_cell_0104","ACAGATTAC-TGTGTCCT","ductal"
"human4_lib3.final_cell_0105","GATTGATCTA-TTTACCCT","beta"
"human4_lib3.final_cell_0106","GATACAAACT-TTTAACAG","ductal"
"human4_lib3.final_cell_0107","GAGAAAGACC-GAGCGGTA","delta"
"human4_lib3.final_cell_0108","TGATCGACGGT-CGGGTAGT","beta"
"human4_lib3.final_cell_0109","TGATCCCGTAG-GTAATCCC","alpha"
"human4_lib3.final_cell_0110","GACATTTGTT-TCGACGGT","delta"
"human4_lib3.final_cell_0111","AGCACCTCT-GGCTACTA","delta"
"human4_lib3.final_cell_0112","GAGGGAGGTA-CCATTTGA","beta"
"human4_lib3.final_cell_0113","TTAAGCGT-CACAAGGC","ductal"
"human4_lib3.final_cell_0114","AAATCAGA-GTGTCGGA","alpha"
"human4_lib3.final_cell_0115","TGAATGCATGG-TAACCATC","delta"
"human4_lib3.final_cell_0116","TGATCCCGTAG-AAGCGTAC","beta"
"human4_lib3.final_cell_0117","AAATCGGGT-TCCGTCCA","beta"
"human4_lib3.final_cell_0118","GATGTAAAGG-CGGACAAC","alpha"
"human4_lib3.final_cell_0119","ATGCTCCGT-GCGTTGCT","quiescent_stellate"
"human4_lib3.final_cell_0120","ACTTAGGTA-GATTAGAC","alpha"
"human4_lib3.final_cell_0121","AGGTGACAC-GATTGCGA","beta"
"human4_lib3.final_cell_0122","TGACTCGATGC-AGGAAGAC","activated_stellate"
"human4_lib3.final_cell_0123","TGAGTGGAGCT-GATGTATT","ductal"
"human4_lib3.final_cell_0124","ATTGGATCG-CCACATTA","alpha"
"human4_lib3.final_cell_0125","TGAAGAAGTTA-GGGAGGTA","ductal"
"human4_lib3.final_cell_0126","CTTCGATT-GACAAAGG","beta"
"human4_lib3.final_cell_0127","ACGTGGATA-CATTTGTT","alpha"
"human4_lib3.final_cell_0128","TGAAAACTGGT-ATGACCGA","alpha"
"human4_lib3.final_cell_0129","GAGAAAGACC-CCTGTTAT","ductal"
"human4_lib3.final_cell_0130","GCATGGGT-GCAAAGCC","ductal"
"human4_lib3.final_cell_0131","GACGCTAGTC-GCCACATC","ductal"
"human4_lib3.final_cell_0132","TGAGTAATCCC-ATGCGGAT","alpha"
"human4_lib3.final_cell_0133","GAGATTGCGA-TAAATAGG","alpha"
"human4_lib3.final_cell_0134","TGAGTAATCCC-ATATAGGA","alpha"
"human4_lib3.final_cell_0135","GAGATCTCGG-CACAACAG","beta"
"human4_lib3.final_cell_0136","AGAAGTCC-CAAGTCAT","beta"
"human4_lib3.final_cell_0137","ACTCCGCAT-ATATAGGA","delta"
"human4_lib3.final_cell_0138","GCATGGGT-GGTTAGTG","ductal"
"human4_lib3.final_cell_0139","TGATAGAAATG-GTGGAGCT","beta"
"human4_lib3.final_cell_0140","GAACAGCGGA-CTAGTAAC","beta"
"human4_lib3.final_cell_0141","TGCGACAG-CCACATTA","ductal"
"human4_lib3.final_cell_0142","TGAAGGAGCTT-AGGAGCTT","beta"
"human4_lib3.final_cell_0143","AAGCGCCTT-GAAAGACC","beta"
"human4_lib3.final_cell_0144","TGAATGACTTT-ACGCAGAG","ductal"
"human4_lib3.final_cell_0145","GATTTAACAG-AGCTATGA","gamma"
"human4_lib3.final_cell_0146","TGACCTCGTCT-AGCACCAC","ductal"
"human4_lib3.final_cell_0147","GACTTCTTCG-ACGAAACG","alpha"
"human4_lib3.final_cell_0148","GACTAGACCC-AACCCTTG","delta"
"human4_lib3.final_cell_0149","GATCGGTACG-ACACTAAG","beta"
"human4_lib3.final_cell_0150","AATTCCCA-TAAATAGG","beta"
"human4_lib3.final_cell_0151","CTTCAGGT-TCTAGCAG","beta"
"human4_lib3.final_cell_0152","GACTTCTTCG-CTTACGGG","beta"
"human4_lib3.final_cell_0153","TTCGGCCT-ATCAGCGC","alpha"
"human4_lib3.final_cell_0154","TTAAGCGT-CTTACGGG","delta"
"human4_lib3.final_cell_0155","AAAACGCCT-CAGGTGTC","beta"
"human4_lib3.final_cell_0156","ACCGCAACT-ACCTTGCC","beta"
"human4_lib3.final_cell_0157","GGAAACAG-ATGCGGAT","beta"
"human4_lib3.final_cell_0158","AGGTCACAG-CTCAGAAT","ductal"
"human4_lib3.final_cell_0159","TAAATAGG-TCGAAGCT","ductal"
"human4_lib3.final_cell_0160","TGAGCGCATTC-GGGAACGA","ductal"
"human4_lib3.final_cell_0161","TGATTGCACGC-GTTACCGC","delta"
"human4_lib3.final_cell_0162","TTTGTGTC-CGAACGTA","beta"
"human4_lib3.final_cell_0163","ATTGTGACT-AAGGTAAT","alpha"
"human4_lib3.final_cell_0164","TGAGAGGCTGA-GAAGTGCC","alpha"
"human4_lib3.final_cell_0165","TGACGTATCGG-GGTTTCTC","delta"
"human4_lib3.final_cell_0166","TGAAGGAGCTT-TCCCGTAG","ductal"
"human4_lib3.final_cell_0167","AGTCAAAGA-CTTAGGTA","ductal"
"human4_lib3.final_cell_0168","AACGAAACG-TTTAACAG","beta"
"human4_lib3.final_cell_0169","GATAGTGTTT-GTTGTCAT","beta"
"human4_lib3.final_cell_0170","AGTGTCGGA-ATTGGGCC","alpha"
"human4_lib3.final_cell_0171","GAGGACTTCC-AGTGAAAG","gamma"
"human4_lib3.final_cell_0172","TACTTGTG-CTTACGGG","beta"
"human4_lib3.final_cell_0173","GAAAGATTGT-GCAAAGCC","alpha"
"human4_lib3.final_cell_0174","ACTGCGTTG-TGCCATCG","delta"
"human4_lib3.final_cell_0175","TGCGTATC-TAAGACGG","alpha"
"human4_lib3.final_cell_0176","GACCCGAATG-GTCAAAGA","beta"
"human4_lib3.final_cell_0177","GAGACAGATA-CGTACCTA","delta"
"human4_lib3.final_cell_0178","AGGTCACAG-TCTAGCAG","ductal"
"human4_lib3.final_cell_0179","GATGAAATGA-TGTCTTTC","ductal"
"human4_lib3.final_cell_0180","TGAGACAAAGG-GCGCATTC","beta"
"human4_lib3.final_cell_0181","GATTGATCTA-TACCAGGC","ductal"
"human4_lib3.final_cell_0182","TTGCATAT-GGTCTGAC","beta"
"human4_lib3.final_cell_0183","ACTGAGTGC-GAAAGACC","alpha"
"human4_lib3.final_cell_0184","GATACCAGGC-TTTGGGAG","alpha"
"human4_lib3.final_cell_0185","GAAAGATTGT-CCACATTA","ductal"
"human4_lib3.final_cell_0186","TGAGCGCATTC-CGCCTTGA","beta"
"human4_lib3.final_cell_0187","GAACTAGGAT-GCAGTCGA","gamma"
"human4_lib3.final_cell_0188","TGAATATAGGA-CTTTAATC","alpha"
"human4_lib3.final_cell_0189","TGAAGGAGCTT-ATGCATGG","beta"
"human4_lib3.final_cell_0190","TGAATGACCGA-CTAGTAAC","delta"
"human4_lib3.final_cell_0191","ATCTAGCAG-GTGTCGGA","ductal"
"human4_lib3.final_cell_0192","GACCTATTCA-ATATCTTC","beta"
"human4_lib3.final_cell_0193","CTTCAGGT-GAGAGTAT","alpha"
"human4_lib3.final_cell_0194","CATCGCAG-CAGACCAT","ductal"
"human4_lib3.final_cell_0195","GAGAGAATTG-ACACTAAG","alpha"
"human4_lib3.final_cell_0196","AAATCAGA-CATCGCAG","gamma"
"human4_lib3.final_cell_0197","GTCTCTCT-TCCCGTAG","beta"
"human4_lib3.final_cell_0198","GAGAAAGACC-CTCGCGTA","beta"
"human4_lib3.final_cell_0199","TTAAGCGT-CAGGTGTC","beta"
"human4_lib3.final_cell_0200","GAAAGCGTAC-GAGAGTAT","ductal"
"human4_lib3.final_cell_0201","ATGTGTCCT-GACGATGG","ductal"
"human4_lib3.final_cell_0202","TGATAGAAATG-GCAAGGAC","beta"
"human4_lib3.final_cell_0203","ACGTGCTAG-CACAGTTT","gamma"
"human4_lib3.final_cell_0204","ATCACGTTT-CCAGCAGT","ductal"
"human4_lib3.final_cell_0205","GATGTACACG-GATGTATT","alpha"
"human4_lib3.final_cell_0206","AGCACCTCT-GATGTGAG","activated_stellate"
"human4_lib3.final_cell_0207","CTTACGGG-GGAATAGA","ductal"
"human4_lib3.final_cell_0208","ATTGATTCT-ACCCATAT","gamma"
"human4_lib3.final_cell_0209","TGAACATCTAT-AGGCAACG","ductal"
"human4_lib3.final_cell_0210","GAGATTGCGA-AGCAGAAC","alpha"
"human4_lib3.final_cell_0211","AAGCTATGA-ATATCTTC","activated_stellate"
"human4_lib3.final_cell_0212","GACTCTTGAC-AGAGGTGG","alpha"
"human4_lib3.final_cell_0213","AAAACCTCC-ATTCGACG","beta"
"human4_lib3.final_cell_0214","TGAATGCATGG-AGGATTCA","beta"
"human4_lib3.final_cell_0215","TGAGGTTTCTC-CTTACGGG","macrophage"
"human4_lib3.final_cell_0216","TGCTATTT-TTGAGGGT","ductal"
"human4_lib3.final_cell_0217","CGGCACAT-ACAGCGGA","alpha"
"human4_lib3.final_cell_0218","GAGAATACGC-TGTGGCTA","delta"
"human4_lib3.final_cell_0219","GACAATTAGT-ATCAGCGC","beta"
"human4_lib3.final_cell_0220","TTTGTGTC-GAGCGGTA","ductal"
"human4_lib3.final_cell_0221","TGCCTCAC-CCCTTGGT","ductal"
"human4_lib3.final_cell_0222","ATTTGGGAG-CCGCTGTT","ductal"
"human4_lib3.final_cell_0223","CTTTAATC-ATTCGACG","beta"
"human4_lib3.final_cell_0224","CTATAGAG-TGCGTATC","delta"
"human4_lib3.final_cell_0225","GATCTCAACC-CCATTACT","beta"
"human4_lib3.final_cell_0226","AGTCAATAC-AGCGCGAT","alpha"
"human4_lib3.final_cell_0227","GAAGGAAGAC-TGTCTTTC","ductal"
"human4_lib3.final_cell_0228","TGACACTTTCT-AATGAATG","beta"
"human4_lib3.final_cell_0229","TGAATGAAGCA-GGTCACAG","ductal"
"human4_lib3.final_cell_0230","TGAGGCTACTA-TAGAAATG","activated_stellate"
"human4_lib3.final_cell_0231","GATGAGGTCT-CGTGCTAG","alpha"
"human4_lib3.final_cell_0232","AAGCTATGA-GTTTGTTT","beta"
"human4_lib3.final_cell_0233","CTTTAATC-CGTCAGCA","delta"
"human4_lib3.final_cell_0234","AACTCACCG-CGTCAGCA","beta"
"human4_lib3.final_cell_0235","AAGATGGCT-AGAAGTTA","beta"
"human4_lib3.final_cell_0236","TCATATGG-TTCCGAGT","delta"
"human4_lib3.final_cell_0237","ACCCTTGGT-ATCCCACG","beta"
"human4_lib3.final_cell_0238","TTAAGCGT-AGCGCGAT","alpha"
"human4_lib3.final_cell_0239","AGTCAAAGA-TTTATCAC","alpha"
"human4_lib3.final_cell_0240","TGCCTCAC-ACTGCCGT","alpha"
"human4_lib3.final_cell_0241","CGAACGTA-TCCCTGAT","ductal"
"human4_lib3.final_cell_0242","TGATGCCC-AGTGAAAG","alpha"
"human4_lib3.final_cell_0243","GGAGAAGC-GTCTCTCT","alpha"
"human4_lib3.final_cell_0244","ACTGCGTTG-ATTCCTTG","beta"
"human4_lib3.final_cell_0245","GATTGAGGGT-CGTCAGCA","ductal"
"human4_lib3.final_cell_0246","TGAGGCGGTTT-GGTGGGAT","ductal"
"human4_lib3.final_cell_0247","GGAAACAG-TAACCATC","ductal"
"human4_lib3.final_cell_0248","AAGCTATGA-CACTCCTC","alpha"
"human4_lib3.final_cell_0249","AGAAGTGCC-AGGAGCTT","beta"
"human4_lib3.final_cell_0250","GATGTACACG-ACGCCATT","delta"
"human4_lib3.final_cell_0251","TGAGTAATCCC-GGTTTCTC","beta"
"human4_lib3.final_cell_0252","CGGCACAT-TGAGGTCT","ductal"
"human4_lib3.final_cell_0253","GGTGGGAT-GATTGCGA","beta"
"human4_lib3.final_cell_0254","TGACACAGTTT-GTGTCGGA","ductal"
"human4_lib3.final_cell_0255","GGATAAAG-TGTGTCCT","beta"
"human4_lib3.final_cell_0256","TAGTCTAG-GATTGCGA","alpha"
"human4_lib3.final_cell_0257","AAATGAATG-CCCATCTG","beta"
"human4_lib3.final_cell_0258","ATCCGCTA-GGTGGGAT","beta"
"human4_lib3.final_cell_0259","GATCTCACTT-AGAAGTTA","ductal"
"human4_lib3.final_cell_0260","TGAGGTTTCTC-CGACTCCT","activated_stellate"
"human4_lib3.final_cell_0261","TGAATGCATGG-AGCAGAAC","ductal"
"human4_lib3.final_cell_0262","GATGTAGTTT-ACCACGCT","beta"
"human4_lib3.final_cell_0263","TGACTCAGAAT-CCTCGTCT","ductal"
"human4_lib3.final_cell_0264","TGAAGCGTAGG-AACCTGAC","activated_stellate"
"human4_lib3.final_cell_0265","TGACAAGTCAT-GTCCAAAG","ductal"
"human4_lib3.final_cell_0266","AATTCCCA-GACAAAGG","beta"
"human4_lib3.final_cell_0267","ACGCTCTCA-AGCGCCTT","beta"
"human4_lib3.final_cell_0268","AAGCGCCTT-CTAGATTG","beta"
"human4_lib3.final_cell_0269","TGACTTGGTGT-GATGTGAG","delta"
"human4_lib3.final_cell_0270","AAAGTAATC-GTGTAACC","alpha"
"human4_lib3.final_cell_0271","AGAGACTA-GTCCATGT","delta"
"human4_lib3.final_cell_0272","TGATTGCACGC-GTTGTCAT","alpha"
"human4_lib3.final_cell_0273","ACCCTTGGT-ACGGTAGC","ductal"
"human4_lib3.final_cell_0274","TGACTCAGAAT-GTCAATAC","gamma"
"human4_lib3.final_cell_0275","CCCATCTG-GCGCATTC","gamma"
"human4_lib3.final_cell_0276","TGAAAATGTCG-GGGAAGGT","alpha"
"human4_lib3.final_cell_0277","GATCGGTACG-GGGTTGGT","ductal"
"human4_lib3.final_cell_0278","TGAAGGAGCTT-CGCTAATA","beta"
"human4_lib3.final_cell_0279","TGATCGTCATG-GAATTCGT","alpha"
"human4_lib3.final_cell_0280","GAGCGGTA-GGAGAAGC","alpha"
"human4_lib3.final_cell_0281","GGAGAAGC-TTCACATA","alpha"
"human4_lib3.final_cell_0282","AAGTGAAAG-ATGCGGAT","ductal"
"human4_lib3.final_cell_0283","TGACCAGT-AGATGGCT","ductal"
"human4_lib3.final_cell_0284","ATTGTGACT-TGAAATGA","beta"
"human4_lib3.final_cell_0285","TGACAGACCAT-CTAGACCC","beta"
"human4_lib3.final_cell_0286","TGAGAGTTCAC-GGCGTTAG","ductal"
"human4_lib3.final_cell_0287","AAAACTCGA-TCATGAGG","activated_stellate"
"human4_lib3.final_cell_0288","TGCGACAG-GCCAAGAT","beta"
"human4_lib3.final_cell_0289","GATTAGAC-ACCTTCTT","ductal"
"human4_lib3.final_cell_0290","GATGGAGGAG-AATGACCC","ductal"
"human4_lib3.final_cell_0291","TGACAACAAAT-CGAACGTA","ductal"
"human4_lib3.final_cell_0292","TGACTCGCGTA-TTGATCTA","acinar"
"human4_lib3.final_cell_0293","TGAGGTTTCTC-TAGTGGAC","ductal"
"human4_lib3.final_cell_0294","TGAATGAAGCA-GAGAGTAT","gamma"
"human4_lib3.final_cell_0295","AGGTCACAG-ACGCAGAG","alpha"
"human4_lib3.final_cell_0296","TGACGTATCGG-TGGCCTGT","ductal"
"human4_lib3.final_cell_0297","TGAAGCGCGAT-AACCCTTG","beta"
"human4_lib3.final_cell_0298","GACCTATTCA-GGAATAGA","ductal"
"human4_lib3.final_cell_0299","ATCCGCTA-GTTAACCA","gamma"
"human4_lib3.final_cell_0300","AAGCGAAGT-AGCTATGA","beta"
"human4_lib3.final_cell_0301","TGCGTATC-TGTAGTTT","beta"
"human4_lib3.final_cell_0302","AGAAGTCC-ATTCCTTG","beta"
"human4_lib3.final_cell_0303","TGAATACCCAG-TGATAACA","delta"
"human4_lib3.final_cell_0304","AGAACGATT-CAATTAGT","alpha"
"human4_lib3.final_cell_0305","CCCATCTG-TTCGCTGG","beta"
"human4_lib3.final_cell_0306","GATACAAACT-GCCACATC","beta"
"human4_lib3.final_cell_0307","GAGATTGCGA-CTGCGTTG","beta"
"human4_lib3.final_cell_0308","ACTACTTGT-AAATCAGA","activated_stellate"
"human4_lib3.final_cell_0309","TGATGATAACA-CGGCACAT","ductal"
"human4_lib3.final_cell_0310","AGGGAACGA-TGGCCTGT","beta"
"human4_lib3.final_cell_0311","GAGAGAGTAT-GCCACATC","ductal"
"human4_lib3.final_cell_0312","GATGTACACG-TAAGACGG","beta"
"human4_lib3.final_cell_0313","GTCTCTCT-ATGGGCAC","beta"
"human4_lib3.final_cell_0314","TGACATACATT-GAGTTTCG","gamma"
"human4_lib3.final_cell_0315","AAATCAGA-AAACTCGA","beta"
"human4_lib3.final_cell_0316","TGGTATGA-ACTAGCCA","gamma"
"human4_lib3.final_cell_0317","TGAAACAATCC-GCACCTCT","ductal"
"human4_lib3.final_cell_0318","ATTCGTTCC-GCAACCTG","ductal"
"human4_lib3.final_cell_0319","AGCAGAAC-GGTTAGTG","beta"
"human4_lib3.final_cell_0320","TGACAATACTT-CGTATTTC","beta"
"human4_lib3.final_cell_0321","ACCCTTGGT-AGAACGGG","alpha"
"human4_lib3.final_cell_0322","AGTTTACGT-CTAGATTG","delta"
"human4_lib3.final_cell_0323","GAGAAGGCTT-ATCCCACG","beta"
"human4_lib3.final_cell_0324","ACGTGCTAG-AAGTAATC","alpha"
"human4_lib3.final_cell_0325","ATCTTTGT-TCCAGTCC","ductal"
"human4_lib3.final_cell_0326","GCAGCATG-CAGACCAT","delta"
"human4_lib3.final_cell_0327","TGAATGACCGA-ATGAAGCA","alpha"
"human4_lib3.final_cell_0328","AAATCAGA-CTTAGGTA","ductal"
"human4_lib3.final_cell_0329","CGGCACAT-ACCTTGCC","alpha"
"human4_lib3.final_cell_0330","GATTAAACTG-CAACGTGG","ductal"
"human4_lib3.final_cell_0331","TGACCAGCAGT-ATATCTTC","delta"
"human4_lib3.final_cell_0332","AAGACACCA-CTCGATGC","alpha"
"human4_lib3.final_cell_0333","AATATACCT-GTGTCGGA","alpha"
"human4_lib3.final_cell_0334","AAAAGCCTA-GATGTGAG","beta"
"human4_lib3.final_cell_0335","GACCTGACAC-GGCTACTA","ductal"
"human4_lib3.final_cell_0336","CTTTAATC-AACCCTTG","ductal"
"human4_lib3.final_cell_0337","AGGTTAGTG-TGGTTTCT","ductal"
"human4_lib3.final_cell_0338","TGAAACACACG-ATACCCAG","beta"
"human4_lib3.final_cell_0339","ACCTTCTT-ACATCTAT","ductal"
"human4_lib3.final_cell_0340","ATCTTTGT-GGGTTGGT","alpha"
"human4_lib3.final_cell_0341","GAGTTAACCA-GCATGGGT","beta"
"human4_lib3.final_cell_0342","TGATCCCGTAG-TGGCTACC","ductal"
"human4_lib3.final_cell_0343","ATGTGTCCT-GTTTGTTT","alpha"
"human4_lib3.final_cell_0344","AACGAAACG-TCGACGGT","beta"
"human4_lib3.final_cell_0345","TGATCGTCATG-TCGGTTCG","gamma"
"human4_lib3.final_cell_0346","TGAGGCGGTTT-CTTCGCAC","delta"
"human4_lib3.final_cell_0347","TAACTACT-GATTGCGA","alpha"
"human4_lib3.final_cell_0348","AGAGGTGG-TCGTCATG","ductal"
"human4_lib3.final_cell_0349","AACGAAACG-GAGTTCAC","gamma"
"human4_lib3.final_cell_0350","GAGAGAGTAT-GACAACTT","ductal"
"human4_lib3.final_cell_0351","ACCCGACTT-CTACTTGT","beta"
"human4_lib3.final_cell_0352","TGAGCCGGATT-GATGTGAG","beta"
"human4_lib3.final_cell_0353","CTTACGGG-TGGTTTCT","beta"
"human4_lib3.final_cell_0354","TGACAGACCAT-GTCATATT","ductal"
"human4_lib3.final_cell_0355","CTTTCTTT-CAGTTTGC","alpha"
"human4_lib3.final_cell_0356","AGGGTGTAT-TGACCCTC","beta"
"human4_lib3.final_cell_0357","TGCTATTT-AAATCAGA","beta"
"human4_lib3.final_cell_0358","TGATTCACATA-ATGTTGGC","beta"
"human4_lib3.final_cell_0359","AACGCAGAG-GTATGAGT","alpha"
"human4_lib3.final_cell_0360","AATACTCTT-GGGTGTAT","alpha"
"human4_lib3.final_cell_0361","ACGTGCTAG-ATGCATGG","beta"
"human4_lib3.final_cell_0362","GTGTAACC-GGTTAGTG","alpha"
"human4_lib3.final_cell_0363","GGTGGGAT-GCACCTCT","alpha"
"human4_lib3.final_cell_0364","ACCTTCTT-CATACATT","beta"
"human4_lib3.final_cell_0365","TGGCTACC-CGTGCTAG","beta"
"human4_lib3.final_cell_0366","ACCATTTGA-GAGGCTGA","alpha"
"human4_lib3.final_cell_0367","GATACAAACT-TAAATAGG","beta"
"human4_lib3.final_cell_0368","TGAGTTCTGTT-TGTAAAGG","beta"
"human4_lib3.final_cell_0369","GGAGAAGC-TGAAATGA","alpha"
"human4_lib3.final_cell_0370","AACTCACCG-ACTTCAAT","beta"
"human4_lib3.final_cell_0371","GATGAAATGA-GTCGTCGT","alpha"
"human4_lib3.final_cell_0372","TGAGACAACTT-TTTACCCT","delta"
"human4_lib3.final_cell_0373","TGACAACAAAT-CTGCGTTG","beta"
"human4_lib3.final_cell_0374","TGACTGTTCTT-TTCCAGAC","beta"
"human4_lib3.final_cell_0375","AGGGTGTAT-TGCTCCGT","alpha"
"human4_lib3.final_cell_0376","GAACAGCGGA-CTTTAATC","activated_stellate"
"human4_lib3.final_cell_0377","ACCGTGTTT-GTTACCGC","beta"
"human4_lib3.final_cell_0378","AGCAGAAC-GGCCTAAG","gamma"
"human4_lib3.final_cell_0379","TGAGCAAGGAC-ACACTAAG","alpha"
"human4_lib3.final_cell_0380","GATTTAACAG-CACTCCTC","beta"
"human4_lib3.final_cell_0381","GACACGGACT-CAGTTTGC","beta"
"human4_lib3.final_cell_0382","ATCTTTGT-TAGCCTCG","alpha"
"human4_lib3.final_cell_0383","TGATGTTTGAG-TTCGTTCC","alpha"
"human4_lib3.final_cell_0384","AGAGGTGG-GCCAAGAT","activated_stellate"
"human4_lib3.final_cell_0385","TGATTTACCCT-GTCAATAC","activated_stellate"
"human4_lib3.final_cell_0386","AGAGGTGG-GGCCCTTA","alpha"
"human4_lib3.final_cell_0387","AACCCATAT-CGTCAGCA","beta"
"human4_lib3.final_cell_0388","GGAAACAG-CACGGACT","alpha"
"human4_lib3.final_cell_0389","TGAGCAAGGAC-TCGTCATG","ductal"
"human4_lib3.final_cell_0390","GATGACCCTC-ATCTTTGT","ductal"
"human4_lib3.final_cell_0391","ACCTTGCC-CGATTGAT","beta"
"human4_lib3.final_cell_0392","TAACTACT-TCCCTGAT","beta"
"human4_lib3.final_cell_0393","GATGAGGTCT-TCATATGG","gamma"
"human4_lib3.final_cell_0394","ACAGGTGTC-TCCGTCCA","gamma"
"human4_lib3.final_cell_0395","AGGGTGTAT-AAGCTTCT","beta"
"human4_lib3.final_cell_0396","TGAGCGCATTC-GGCTACTA","activated_stellate"
"human4_lib3.final_cell_0397","TGAAACACACG-AGACACCA","ductal"
"human4_lib3.final_cell_0398","CCGCTGTT-GAGTTTCG","beta"
"human4_lib3.final_cell_0399","TGAAACCCTTG-TCCCAATC","alpha"
"human4_lib3.final_cell_0400","TGAAGCGTAGG-TACCAGGC","ductal"
"human4_lib3.final_cell_0401","ACGTATAC-TTGAGGGT","alpha"
"human4_lib3.final_cell_0402","TGAAACAATCC-AGAAGTCC","beta"
"human4_lib3.final_cell_0403","TGACTGTTCTT-CCATTTGA","beta"
"human4_lib3.final_cell_0404","TGAAACCCTTG-AATCGGGT","alpha"
"human4_lib3.final_cell_0405","GAGCGTTGCT-ATGACCGA","ductal"
"human4_lib3.final_cell_0406","TGAACTAGCCA-GTTTACGT","beta"
"human4_lib3.final_cell_0407","ACCTTGCC-ATACCCAG","alpha"
"human4_lib3.final_cell_0408","TTAAGCGT-GACGATGG","alpha"
"human4_lib3.final_cell_0409","AGCCAAGAT-GATTAGAC","gamma"
"human4_lib3.final_cell_0410","TGACACTTTCT-GTCATATT","delta"
"human4_lib3.final_cell_0411","TGATGCCC-CGCCTTGA","alpha"
"human4_lib3.final_cell_0412","AATGTTGGC-TACCAGGC","beta"
"human4_lib3.final_cell_0413","TGAACTAGCCA-TGACGGAC","ductal"
"human4_lib3.final_cell_0414","ATAGTGGAC-AATGACCC","beta"
"human4_lib3.final_cell_0415","AAATCAGA-GATCTCGG","beta"
"human4_lib3.final_cell_0416","GGGTTGGT-AAGGTAAT","ductal"
"human4_lib3.final_cell_0417","TGATACGTGCT-CTAGTAAC","beta"
"human4_lib3.final_cell_0418","GAATCAAGTG-CGATTGAT","ductal"
"human4_lib3.final_cell_0419","ATCTAGCAG-GCATGGGT","beta"
"human4_lib3.final_cell_0420","GTTGCACG-ATTTCCGG","beta"
"human4_lib3.final_cell_0421","TGAGACAAAGG-TAGAAATG","ductal"
"human4_lib3.final_cell_0422","ACGTGCTAG-CACTCCTC","alpha"
"human4_lib3.final_cell_0423","ATCTTTGT-TCCGTCCA","ductal"
"human4_lib3.final_cell_0424","GACGATTGAT-CTTAGGTA","ductal"
"human4_lib3.final_cell_0425","GACGCTAGTC-GACGATGG","gamma"
"human4_lib3.final_cell_0426","AGAAGTGCC-CTTCTTCG","alpha"
"human4_lib3.final_cell_0427","TGAAAACAGGG-CGAGATGT","endothelial"
"human4_lib3.final_cell_0428","TGAACTAGCCA-TATTGCCT","ductal"
"human4_lib3.final_cell_0429","AATGTTGGC-CTTCGATT","beta"
"human4_lib3.final_cell_0430","GAATCAAGTG-TCATGAGG","gamma"
"human4_lib3.final_cell_0431","ATATGCAT-TCTGTGGT","beta"
"human4_lib3.final_cell_0432","GAGCGGTA-TGTGGCTA","ductal"
"human4_lib3.final_cell_0433","GATTCCGAGT-GGGAAGGT","alpha"
"human4_lib3.final_cell_0434","GAGAATTCGT-GGACTTCC","ductal"
"human4_lib3.final_cell_0435","GAGTTGTCAT-AAGCTTCT","activated_stellate"
"human4_lib3.final_cell_0436","TGAATGAAGCA-CGTCAGCA","gamma"
"human4_lib3.final_cell_0437","GAGAAGGCTT-ACCCACGA","beta"
"human4_lib3.final_cell_0438","TGATTGCACGC-AGTGAAAG","alpha"
"human4_lib3.final_cell_0439","TAGCTTAT-CTTACGGG","ductal"
"human4_lib3.final_cell_0440","TGATTGTTTAC-TGCCTCAC","beta"
"human4_lib3.final_cell_0441","AAAACCTCC-GGCCTAAG","ductal"
"human4_lib3.final_cell_0442","GATGTACACG-TGTGCTCA","activated_stellate"
"human4_lib3.final_cell_0443","GTTACGAT-AAACTGGT","gamma"
"human4_lib3.final_cell_0444","AAGAACGGG-CTCGCGTA","ductal"
"human4_lib3.final_cell_0445","GATAACCATC-GTACACTC","alpha"
"human4_lib3.final_cell_0446","GGCCCTTA-CGTGCTAG","beta"
"human4_lib3.final_cell_0447","GAGGACTTCC-CAATTAGT","beta"
"human4_lib3.final_cell_0448","TGATCGACACC-TGCCTCAC","ductal"
"human4_lib3.final_cell_0449","ATTTATCAC-GTACACTC","beta"
"human4_lib3.final_cell_0450","ACTGCGTTG-GGTCACAG","beta"
"human4_lib3.final_cell_0451","TGAGAGTTCAC-GAATTCGT","delta"
"human4_lib3.final_cell_0452","GATGAGGTCT-GTAACGTT","gamma"
"human4_lib3.final_cell_0453","GAGCGTTGCT-GTCCAAAG","ductal"
"human4_lib3.final_cell_0454","ATTCGTTCC-CTTCTGGA","beta"
"human4_lib3.final_cell_0455","TGACAACAAAT-GCAAGGAC","beta"
"human4_lib3.final_cell_0456","GCTCTAGT-GTTAACCA","beta"
"human4_lib3.final_cell_0457","AGCCTCTTT-ACCCATAT","beta"
"human4_lib3.final_cell_0458","TCCTTATT-AGCGAAGT","beta"
"human4_lib3.final_cell_0459","TGACCTCGTCT-TTATAGCC","activated_stellate"
"human4_lib3.final_cell_0460","GATTTAACAG-ATATCTTC","beta"
"human4_lib3.final_cell_0461","CCCATCTG-CGGACAAC","alpha"
"human4_lib3.final_cell_0462","GAGTTAACCA-TTGGACTT","ductal"
"human4_lib3.final_cell_0463","CCAACCGT-CGTGGATA","beta"
"human4_lib3.final_cell_0464","TGACACAACAG-CGGGCTTT","gamma"
"human4_lib3.final_cell_0465","GACCACATTA-ACCTTGCC","ductal"
"human4_lib3.final_cell_0466","CCAACCGT-CTACTTGT","beta"
"human4_lib3.final_cell_0467","GAAGTGATGC-AAACGCCT","beta"
"human4_lib3.final_cell_0468","TGAGCCACATC-ACGCCATT","alpha"
"human4_lib3.final_cell_0469","AATATACCT-ACCTTGCC","activated_stellate"
"human4_lib3.final_cell_0470","GACCTATTCA-TCCCTGAT","beta"
"human4_lib3.final_cell_0471","GATTTAACAG-CTTCTGGA","alpha"
"human4_lib3.final_cell_0472","GAAGTTTAGA-GCGTTGCT","beta"
"human4_lib3.final_cell_0473","CTTTCTTT-GTAATCCC","beta"
"human4_lib3.final_cell_0474","TGCGTATC-CTTCTTCG","alpha"
"human4_lib3.final_cell_0475","TGACCATTACT-AATGAATG","ductal"
"human4_lib3.final_cell_0476","AAGACACCA-CCGCAACT","beta"
"human4_lib3.final_cell_0477","GATGAAATGA-AAATCGTT","alpha"
"human4_lib3.final_cell_0478","AAAACCTCC-TTGTTTAC","beta"
"human4_lib3.final_cell_0479","GTGTAACC-GTTACGAT","ductal"
"human4_lib3.final_cell_0480","AGCACCAC-GTCCATGT","beta"
"human4_lib3.final_cell_0481","TGATAACCCGT-AGCTATGA","delta"
"human4_lib3.final_cell_0482","GAGAAAGACC-TCCCGTAG","alpha"
"human4_lib3.final_cell_0483","AATATCTTC-GTTGCACG","beta"
"human4_lib3.final_cell_0484","TGATGTCTTTC-ATGCATGG","alpha"
"human4_lib3.final_cell_0485","GGCCCTTA-CTAGATTG","alpha"
"human4_lib3.final_cell_0486","GAACGCCATT-AAACCTCC","ductal"
"human4_lib3.final_cell_0487","TGATTGCACGC-AAACCTCC","beta"
"human4_lib3.final_cell_0488","GACACGGACT-CCCGAATG","alpha"
"human4_lib3.final_cell_0489","ATGCTCCGT-ATCTTTGT","beta"
"human4_lib3.final_cell_0490","AACCTGAC-TTAAGCGT","beta"
"human4_lib3.final_cell_0491","TGACCTCGTCT-TTTGTGTC","beta"
"human4_lib3.final_cell_0492","GCAGCATG-CCTATTCA","beta"
"human4_lib3.final_cell_0493","TCCTTATT-CGGGCTTT","beta"
"human4_lib3.final_cell_0494","GAAGTTTAGA-GAATACGC","beta"
"human4_lib3.final_cell_0495","TGATGCCC-GGGCCAAT","alpha"
"human4_lib3.final_cell_0496","GGTGGGAT-TAGTGGAC","ductal"
"human4_lib3.final_cell_0497","ATCGGTTCG-TGCAAGGG","endothelial"
"human4_lib3.final_cell_0498","TGAATGACCGA-CCCTAACC","alpha"
"human4_lib3.final_cell_0499","GAGAATTCGT-ACGCAGAG","delta"
"human4_lib3.final_cell_0500","GACCTATTCA-GTTACCGC","beta"
"human4_lib3.final_cell_0501","GCTCTAGT-CCCATAGC","alpha"
"human4_lib3.final_cell_0502","GACAAGAGGG-TCTGCATC","beta"
"human4_lib3.final_cell_0503","GACTGTCTGG-GAGGCTGA","beta"
"human4_lib3.final_cell_0504","ACACTCCTC-ATATGCAT","alpha"
"human4_lib3.final_cell_0505","TGACCTGTTAT-AGCGTAGG","beta"
"human4_lib3.final_cell_0506","AAAACGCCT-ACACTAAG","beta"
"human4_lib3.final_cell_0507","ATAGTCGCA-GAAAGACC","ductal"
"human4_lib3.final_cell_0508","GACCTATTCA-TACAGCCG","beta"
"human4_lib3.final_cell_0509","GTAACGTT-AAGTAATC","alpha"
"human4_lib3.final_cell_0510","TGAGGCTACTA-TACCGGCA","ductal"
"human4_lib3.final_cell_0511","ACTTCAAT-GGCCTAAG","beta"
"human4_lib3.final_cell_0512","GACGGGCTTT-GTGTAACC","beta"
"human4_lib3.final_cell_0513","TGATCGACGGT-GAATACGC","gamma"
"human4_lib3.final_cell_0514","AATATCTTC-GTTACCGC","beta"
"human4_lib3.final_cell_0515","ATCTTTGT-CGACGTCA","beta"
"human4_lib3.final_cell_0516","TTCCGCTC-AGGTTGTG","ductal"
"human4_lib3.final_cell_0517","TGACCAGT-GAATTCGT","ductal"
"human4_lib3.final_cell_0518","AGCACCAC-GAAGGCTT","beta"
"human4_lib3.final_cell_0519","GTCTCTCT-GCAGGGTA","beta"
"human4_lib3.final_cell_0520","CGGCTTAC-ATGGATTA","alpha"
"human4_lib3.final_cell_0521","GACGCTAGTC-GGCGGTTT","alpha"
"human4_lib3.final_cell_0522","GACCCGAATG-TACAGCCG","alpha"
"human4_lib3.final_cell_0523","AGTCAATAC-TTGTGACT","alpha"
"human4_lib3.final_cell_0524","TGATCCAGTCC-GTTACGAT","activated_stellate"
"human4_lib3.final_cell_0525","GAACGCCATT-AAAGCCTA","alpha"
"human4_lib3.final_cell_0526","TTATAGCC-GTTACCGC","alpha"
"human4_lib3.final_cell_0527","TTATAGCC-TCCAGTCC","alpha"
"human4_lib3.final_cell_0528","ACTTAGGTA-CTCCGCAT","alpha"
"human4_lib3.final_cell_0529","TGAGGCGGTTT-CGTGCTAG","gamma"
"human4_lib3.final_cell_0530","GACCTACTAG-GTCATATT","ductal"
"human4_lib3.final_cell_0531","GAAGGCAGTT-TGACCCTC","alpha"
"human4_lib3.final_cell_0532","GACCCTTCAG-GCCACATC","alpha"
"human4_lib3.final_cell_0533","GAGCGGTA-GATCGTTT","beta"
"human4_lib3.final_cell_0534","GATCTCAACC-GGGAACGA","beta"
"human4_lib3.final_cell_0535","GACCACATTA-CACTCCTC","beta"
"human4_lib3.final_cell_0536","TGCTATTT-TTGTCGCC","ductal"
"human4_lib3.final_cell_0537","GATCTGTGGT-TTTATCAC","alpha"
"human4_lib3.final_cell_0538","ACGTATAC-CGTGCTAG","alpha"
"human4_lib3.final_cell_0539","GACGAATAAT-GAAGCACT","beta"
"human4_lib3.final_cell_0540","TGACTACCGTT-GGCTACTA","alpha"
"human4_lib3.final_cell_0541","AACTTAGC-CTTGGTGT","alpha"
"human4_lib3.final_cell_0542","TGAATGAAGCA-CACGGACT","beta"
"human4_lib3.final_cell_0543","TTAAGCGT-GTATGAGT","beta"
"human4_lib3.final_cell_0544","AACCCATAT-CTTCTTCG","delta"
"human4_lib3.final_cell_0545","TGAGCGCATTC-CTAGACCC","ductal"
"human4_lib3.final_cell_0546","TGACTCGATGC-ATGGATTA","alpha"
"human4_lib3.final_cell_0547","TGATCGACGGT-ATACCCAG","beta"
"human4_lib3.final_cell_0548","GAAGTTTAGA-TCCTTATT","beta"
"human4_lib3.final_cell_0549","TCATATGG-CTCCGCAT","ductal"
"human4_lib3.final_cell_0550","TGACCTGTTAT-AATGACCC","beta"
"human4_lib3.final_cell_0551","GATGAGGTCT-GTACACTC","beta"
"human4_lib3.final_cell_0552","ACGCTCTCA-CCCTTGGT","beta"
"human4_lib3.final_cell_0553","TCATCCTT-TGCAAGGG","beta"
"human4_lib3.final_cell_0554","AGGGTGTAT-CCTGTTAT","beta"
"human4_lib3.final_cell_0555","GAACAGCGGA-TGACCCTC","beta"
"human4_lib3.final_cell_0556","GACCCTTCAG-CAATTAGT","ductal"
"human4_lib3.final_cell_0557","AATACTCTT-TCTGTGGT","beta"
"human4_lib3.final_cell_0558","GATGGTTTCT-TGAGGTCT","alpha"
"human4_lib3.final_cell_0559","GACCACATTA-AGCTATGA","alpha"
"human4_lib3.final_cell_0560","TGATTGTTTAC-TTGTCGCC","alpha"
"human4_lib3.final_cell_0561","AGGGTGTAT-ATATACCT","alpha"
"human4_lib3.final_cell_0562","GAACACTAAG-CTCAGAAT","beta"
"human4_lib3.final_cell_0563","GAGTTAACCA-AGTGAAAG","alpha"
"human4_lib3.final_cell_0564","TGAGATTTACC-ACGCTCAG","beta"
"human4_lib3.final_cell_0565","GTTTGTTT-AGCACCAC","alpha"
"human4_lib3.final_cell_0566","TGAGTTCTGTT-TCCGTCCA","gamma"
"human4_lib3.final_cell_0567","TCCTTATT-CCCGAATG","beta"
"human4_lib3.final_cell_0568","AGGGAAGGT-CTGAGTGC","gamma"
"human4_lib3.final_cell_0569","GAAAGATTGT-CCCGACTT","beta"
"human4_lib3.final_cell_0570","TAGTCTAG-CTCAGAAT","gamma"
"human4_lib3.final_cell_0571","ATCACGTTT-CTGTCTGG","beta"
"human4_lib3.final_cell_0572","GAGGACTTCC-CTCCGCAT","beta"
"human4_lib3.final_cell_0573","GACCTGACAC-TAAGACGG","alpha"
"human4_lib3.final_cell_0574","GATGTAGTTT-TTAAACTG","macrophage"
"human4_lib3.final_cell_0575","TGACCAGT-CGTACCTA","ductal"
"human4_lib3.final_cell_0576","GAACTGCCGT-TGTCTTTC","beta"
"human4_lib3.final_cell_0577","TGATTGCACGC-TGTTTGAG","alpha"
"human4_lib3.final_cell_0578","GACGAGATGT-CATCTCCC","alpha"
"human4_lib3.final_cell_0579","GCTTTGGC-TTCCGAGT","beta"
"human4_lib3.final_cell_0580","ATCAGCGC-TTCCGAGT","beta"
"human4_lib3.final_cell_0581","TTGCATAT-TAACCCGT","delta"
"human4_lib3.final_cell_0582","CGCTAATA-GTCCATGT","beta"
"human4_lib3.final_cell_0583","TGAGGGAAATC-CAATACTT","beta"
"human4_lib3.final_cell_0584","GAACCACGCT-CTGCGTTG","beta"
"human4_lib3.final_cell_0585","AAATGACCC-CCAACCGT","beta"
"human4_lib3.final_cell_0586","TGATGCCC-TGATAACA","alpha"
"human4_lib3.final_cell_0587","AGCACCAC-CTCGATGC","ductal"
"human4_lib3.final_cell_0588","TGACAAGTCAT-CACTCCTC","alpha"
"human4_lib3.final_cell_0589","GACCCATAGC-CTCGCGTA","alpha"
"human4_lib3.final_cell_0590","AGTGGATGG-TCCAGTCC","activated_stellate"
"human4_lib3.final_cell_0591","GATAACCATC-GCCAAGAT","gamma"
"human4_lib3.final_cell_0592","ACCCTAACC-AGTGAAAG","beta"
"human4_lib3.final_cell_0593","GAACAGCGGA-TCCAGTCC","beta"
"human4_lib3.final_cell_0594","TAGCTTAT-CCGCTGTT","ductal"
"human4_lib3.final_cell_0595","GATCCCAATC-TCCCAATC","ductal"
"human4_lib3.final_cell_0596","GAAGTGATGC-TAAGACGG","alpha"
"human4_lib3.final_cell_0597","TGACCTGTTAT-GGCTACTA","beta"
"human4_lib3.final_cell_0598","GTGTAACC-ACCCATAT","alpha"
"human4_lib3.final_cell_0599","ATTTGGGAG-CGCCTTGA","delta"
"human4_lib3.final_cell_0600","GACCTATTCA-AGGTTGTG","activated_stellate"
"human4_lib3.final_cell_0601","GGAAACAG-CCTATTCA","beta"
"human4_lib3.final_cell_0602","ATTAGGACC-GCCACATC","ductal"
"human4_lib3.final_cell_0603","TGACTTGGTGT-CGAGTCTG","alpha"
"human4_lib3.final_cell_0604","AATGTTTG-GAAGCACT","endothelial"
"human4_lib3.final_cell_0605","AGGGTGTAT-GTAATCCC","beta"
"human4_lib3.final_cell_0606","TGACCTCGTCT-TGGAGGAG","beta"
"human4_lib3.final_cell_0607","ACGGAATTT-TAGCCTCG","ductal"
"human4_lib3.final_cell_0608","GATAACCATC-TGTGGCTA","alpha"
"human4_lib3.final_cell_0609","GAAGGCAGTT-AAATCAGA","beta"
"human4_lib3.final_cell_0610","TGATCGACACC-AACTTAGC","beta"
"human4_lib3.final_cell_0611","GTGTAACC-GCCACATC","ductal"
"human4_lib3.final_cell_0612","TGACCATTACT-TAGCCTCG","beta"
"human4_lib3.final_cell_0613","TGAAGCGTAGG-ACCACGCT","ductal"
"human4_lib3.final_cell_0614","GATGACCCTC-TAGTCTAG","alpha"
"human4_lib3.final_cell_0615","GAGGTCCCTT-GCAAGGAC","alpha"
"human4_lib3.final_cell_0616","TGAGACAACTT-CAATACTT","alpha"
"human4_lib3.final_cell_0617","GATGACCCTC-TAACCCGT","gamma"
"human4_lib3.final_cell_0618","TGAAACCCTTG-TTGAGGGT","beta"
"human4_lib3.final_cell_0619","GATGGTTTCT-CACAACAG","beta"
"human4_lib3.final_cell_0620","TGATCGTCATG-ATGTTGGC","alpha"
"human4_lib3.final_cell_0621","GCAGCATG-TAGTCTAG","beta"
"human4_lib3.final_cell_0622","GACGAATAAT-GGTCTGAC","gamma"
"human4_lib3.final_cell_0623","TTATAGCC-ACACTAAG","beta"
"human4_lib3.final_cell_0624","GAGAAAGACC-AGCACCAC","beta"
"human4_lib3.final_cell_0625","ATCCGCTA-TTGGACTT","beta"
"human4_lib3.final_cell_0626","TTATAGCC-GTGTCGGA","beta"
"human4_lib3.final_cell_0627","TGCTATTT-AGGCAACG","beta"
"human4_lib3.final_cell_0628","GAAAGCGTAC-GCTTTGGC","ductal"
"human4_lib3.final_cell_0629","GAAGTGATGC-AAGTAATC","alpha"
"human4_lib3.final_cell_0630","GACGAATAAT-TCCCTGAT","beta"
"human4_lib3.final_cell_0631","GAGAGAGTAT-GTGGATGG","beta"
"human4_lib3.final_cell_0632","ACTCCGCAT-CCATTTGA","beta"
"human4_lib3.final_cell_0633","ATCAGCGC-AAGCGTAC","beta"
"human4_lib3.final_cell_0634","TGATCGACGGT-CGAGTCTG","beta"
"human4_lib3.final_cell_0635","TGAAACCCTTG-CTGCGTTG","alpha"
"human4_lib3.final_cell_0636","GACGTACCTA-TACCAGGC","beta"
"human4_lib3.final_cell_0637","GATCTCACTT-ATATAGGA","gamma"
"human4_lib3.final_cell_0638","AAAGGTAAT-CTCCGCAT","beta"
"human4_lib3.final_cell_0639","ATCTAGCAG-AGCGCCTT","ductal"
"human4_lib3.final_cell_0640","TGATTTACCCT-ACGGTAGC","alpha"
"human4_lib3.final_cell_0641","TGAGTTCTGTT-CACGGACT","alpha"
"human4_lib3.final_cell_0642","ACCCTAACC-ACGCCATT","ductal"
"human4_lib3.final_cell_0643","TGATTTACCCT-GAAGGCTT","gamma"
"human4_lib3.final_cell_0644","TGATCCAGTCC-CATCTCCC","activated_stellate"
"human4_lib3.final_cell_0645","ATGCTCCGT-TTGTTTAC","alpha"
"human4_lib3.final_cell_0646","GACTTACTCC-CAGATTAC","alpha"
"human4_lib3.final_cell_0647","GAAAGCGTAC-TAGCTTAT","alpha"
"human4_lib3.final_cell_0648","GATCCGTCCA-ATATCTTC","alpha"
"human4_lib3.final_cell_0649","AATTCAGTA-CTTTCTTT","alpha"
"human4_lib3.final_cell_0650","CCGCTGTT-TAGCTTAT","ductal"
"human4_lib3.final_cell_0651","GATTAGAC-GCCACATC","beta"
"human4_lib3.final_cell_0652","TGATCCAGTCC-CCCAAGCA","alpha"
"human4_lib3.final_cell_0653","AAAACGCCT-AAACCTCC","beta"
"human4_lib3.final_cell_0654","TGAGGCTACTA-TGAAATGA","activated_stellate"
"human4_lib3.final_cell_0655","AAAAGCCTA-TGACCCTC","delta"
"human4_lib3.final_cell_0656","GAACTGCCGT-CACTTTCT","ductal"
"human4_lib3.final_cell_0657","ACCATTTGA-TAGTGGAC","beta"
"human4_lib3.final_cell_0658","AATGTTGGC-CTTACTCC","alpha"
"human4_lib3.final_cell_0659","TGAGAGTTCAC-ACGGTAGC","gamma"
"human4_lib3.final_cell_0660","TGACTACCGTT-TTGGATCG","alpha"
"human4_lib3.final_cell_0661","TGACGTAGAAG-ACTCACCG","beta"
"human4_lib3.final_cell_0662","ATTTGGGAG-CATACATT","mast"
"human4_lib3.final_cell_0663","GGCCCTTA-CCGCTGTT","beta"
"human4_lib3.final_cell_0664","TGAGACAACTT-CACAAGGC","ductal"
"human4_lib3.final_cell_0665","CAGTTTGC-ACGCCATT","beta"
"human4_lib3.final_cell_0666","GTCTCTCT-CGTAGAAG","ductal"
"human4_lib3.final_cell_0667","ATGTGTCCT-TGGCCTGT","beta"
"human4_lib3.final_cell_0668","AGCAACCTG-TCTGCATC","beta"
"human4_lib3.final_cell_0669","GAGGGAACCT-CATCGCAG","beta"
"human4_lib3.final_cell_0670","TGAAGGAGCTT-AAGTAATC","schwann"
"human4_lib3.final_cell_0671","AAGACACCA-CTCTTGAC","alpha"
"human4_lib3.final_cell_0672","TGACCAGT-GCCGGATT","ductal"
"human4_lib3.final_cell_0673","TGAATGACCGA-CGAGTCTG","beta"
"human4_lib3.final_cell_0674","TGACTAGTAAC-CCCTTGGT","beta"
"human4_lib3.final_cell_0675","TGCTATTT-CACTCCTC","beta"
"human4_lib3.final_cell_0676","AGATGTATT-AAGCTTCT","ductal"
"human4_lib3.final_cell_0677","TTAAGCGT-CGGACAAC","ductal"
"human4_lib3.final_cell_0678","ACAACGTGG-TTCGGCCT","beta"
"human4_lib3.final_cell_0679","AACTGAGTT-TAGCTTAT","ductal"
"human4_lib3.final_cell_0680","TGACACAACAG-AAACTCGA","delta"
"human4_lib3.final_cell_0681","AGGTTAGTG-CAATTAGT","alpha"
"human4_lib3.final_cell_0682","ACTTCAAT-CAGATTAC","alpha"
"human4_lib3.final_cell_0683","GATGGGATTC-GCATGGGT","quiescent_stellate"
"human4_lib3.final_cell_0684","GAGAGCCCAT-TAGAAATG","beta"
"human4_lib3.final_cell_0685","ACCTTGCC-AACTTAGC","beta"
"human4_lib3.final_cell_0686","ACGTATAC-GTCCGTAC","activated_stellate"
"human4_lib3.final_cell_0687","GACAATTAGT-AGGCAACG","beta"
"human4_lib3.final_cell_0688","TGAATGCATGG-TCTAGCAG","beta"
"human4_lib3.final_cell_0689","ACCGCAACT-TTGGATCG","alpha"
"human4_lib3.final_cell_0690","TGACATACATT-ACTTCAAT","beta"
"human4_lib3.final_cell_0691","GAGTTAACCA-TATTGCCT","beta"
"human4_lib3.final_cell_0692","GATCTCACTT-CGAACGTA","beta"
"human4_lib3.final_cell_0693","AGTTACCGC-CTACCGTT","beta"
"human4_lib3.final_cell_0694","GACTTACTCC-TAGAAATG","alpha"
"human4_lib3.final_cell_0695","TAGCCTCG-GGCTACTA","beta"
"human4_lib3.final_cell_0696","GACGGGCTTT-TATTGCCT","beta"
"human4_lib3.final_cell_0697","GAGATCTCGG-GTCTCTCT","activated_stellate"
"human4_lib3.final_cell_0698","GCTTACCT-ATGTTGGC","alpha"
"human4_lib3.final_cell_0699","TGACACAGTTT-TTGTCGCC","beta"
"human4_lib3.final_cell_0700","GACGACTCCT-CGCTAATA","beta"
"human4_lib3.final_cell_0701","TGATGCCC-TTGCACGC","ductal"
